Detailed IV Simulation Results for: 1-2Cell_1-2Module_100W
============================================================

--- Test 0 | Target Voltage: 0.0000 V ---
Total Panel Voltage : 0.0000 V
Total Panel Current : 8.6553 A
Total Power         : 0.0000 W

Cell Voltages (V):
[-10.    ,   0.6306,   0.6306,   0.6306,   0.6306,   0.6305,   0.6305,   0.6305,   0.6305,   0.6305,
   0.6305,   0.6305,   0.6305,   0.6305,   0.6305,   0.6305, -10.    ,   0.6306,   0.6306,   0.6306,
   0.6306,   0.6305,   0.6305,   0.6305,   0.6305,   0.6305,   0.6305,   0.6305,   0.6305,   0.6305,
   0.6305,   0.6305,   0.3814,   0.3791,   0.3766,   0.3737,   0.3705,   0.3666,  -0.0327,  -0.0591,
  -0.0826,  -0.1031,  -0.1207,  -0.1354,  -0.1471,  -0.1559,  -0.1618,  -0.1647]

Cell Currents (A):
[1.6504, 1.653 , 1.6555, 1.6579, 1.66  , 1.662 , 1.6638, 1.6654, 1.6668, 1.6681, 1.6691, 1.67  ,
 1.6707, 1.6713, 1.6716, 1.6718, 1.6504, 1.653 , 1.6555, 1.6579, 1.66  , 1.662 , 1.6638, 1.6654,
 1.6668, 1.6681, 1.6691, 1.67  , 1.6707, 1.6713, 1.6716, 1.6718, 8.7289, 8.729 , 8.7292, 8.7294,
 8.7295, 8.7297, 8.7298, 8.73  , 8.7301, 8.7302, 8.7303, 8.7304, 8.7304, 8.7305, 8.7305, 8.7305]

Bypass Diode Voltages (V):
[ 0.5906,  0.5906, -1.0847]

Bypass Diode Currents (A):
[ 6.9865,  6.9865, -0.0368]

------------------------------------------------------------

--- Test 1 | Target Voltage: 0.4493 V ---
Total Panel Voltage : 0.4493 V
Total Panel Current : 8.6550 A
Total Power         : 3.8885 W

Cell Voltages (V):
[-10.    ,   0.6306,   0.6306,   0.6306,   0.6306,   0.6305,   0.6305,   0.6305,   0.6305,   0.6305,
   0.6305,   0.6305,   0.6305,   0.6305,   0.6305,   0.6305, -10.    ,   0.6306,   0.6306,   0.6306,
   0.6306,   0.6305,   0.6305,   0.6305,   0.6305,   0.6305,   0.6305,   0.6305,   0.6305,   0.6305,
   0.6305,   0.6305,   0.3846,   0.3826,   0.3804,   0.378 ,   0.3754,   0.3724,   0.0102,  -0.0164,
  -0.04  ,  -0.0607,  -0.0784,  -0.0931,  -0.1049,  -0.1138,  -0.1197,  -0.1226]

Cell Currents (A):
[1.6504, 1.653 , 1.6555, 1.6579, 1.66  , 1.662 , 1.6638, 1.6654, 1.6668, 1.668 , 1.6691, 1.67  ,
 1.6707, 1.6713, 1.6716, 1.6718, 1.6504, 1.653 , 1.6555, 1.6579, 1.66  , 1.662 , 1.6638, 1.6654,
 1.6668, 1.668 , 1.6691, 1.67  , 1.6707, 1.6713, 1.6716, 1.6718, 8.7286, 8.7288, 8.7289, 8.7291,
 8.7293, 8.7294, 8.7296, 8.7297, 8.7298, 8.73  , 8.7301, 8.7301, 8.7302, 8.7302, 8.7303, 8.7303]

Bypass Diode Voltages (V):
[ 0.5906,  0.5906, -1.534 ]

Bypass Diode Currents (A):
[ 6.9862,  6.9862, -0.0368]

------------------------------------------------------------

--- Test 2 | Target Voltage: 0.8986 V ---
Total Panel Voltage : 0.8986 V
Total Panel Current : 8.6548 A
Total Power         : 7.7767 W

Cell Voltages (V):
[-1.0000e+01,  6.3061e-01,  6.3059e-01,  6.3057e-01,  6.3055e-01,  6.3054e-01,  6.3052e-01,
  6.3051e-01,  6.3050e-01,  6.3048e-01,  6.3048e-01,  6.3047e-01,  6.3046e-01,  6.3046e-01,
  6.3045e-01,  6.3045e-01, -1.0000e+01,  6.3061e-01,  6.3059e-01,  6.3057e-01,  6.3055e-01,
  6.3054e-01,  6.3052e-01,  6.3051e-01,  6.3050e-01,  6.3048e-01,  6.3048e-01,  6.3047e-01,
  6.3046e-01,  6.3046e-01,  6.3045e-01,  6.3045e-01,  3.8737e-01,  3.8559e-01,  3.8367e-01,
  3.8160e-01,  3.7935e-01,  3.7688e-01,  5.3438e-02,  2.6721e-02,  2.9867e-03, -1.7776e-02,
 -3.5572e-02, -5.0401e-02, -6.2264e-02, -7.1161e-02, -7.7093e-02, -8.0059e-02]

Cell Currents (A):
[1.6504, 1.653 , 1.6555, 1.6579, 1.66  , 1.662 , 1.6638, 1.6654, 1.6668, 1.668 , 1.6691, 1.67  ,
 1.6707, 1.6713, 1.6716, 1.6718, 1.6504, 1.653 , 1.6555, 1.6579, 1.66  , 1.662 , 1.6638, 1.6654,
 1.6668, 1.668 , 1.6691, 1.67  , 1.6707, 1.6713, 1.6716, 1.6718, 8.7284, 8.7285, 8.7287, 8.7289,
 8.729 , 8.7292, 8.7293, 8.7295, 8.7296, 8.7297, 8.7298, 8.7299, 8.7299, 8.73  , 8.73  , 8.73  ]

Bypass Diode Voltages (V):
[ 0.5906,  0.5906, -1.9833]

Bypass Diode Currents (A):
[ 6.986 ,  6.986 , -0.0368]

------------------------------------------------------------

--- Test 3 | Target Voltage: 1.3478 V ---
Total Panel Voltage : 1.3478 V
Total Panel Current : 8.6545 A
Total Power         : 11.6648 W

Cell Voltages (V):
[-1.0000e+01,  6.3061e-01,  6.3059e-01,  6.3057e-01,  6.3055e-01,  6.3054e-01,  6.3052e-01,
  6.3051e-01,  6.3050e-01,  6.3048e-01,  6.3048e-01,  6.3047e-01,  6.3046e-01,  6.3046e-01,
  6.3045e-01,  6.3045e-01, -1.0000e+01,  6.3061e-01,  6.3059e-01,  6.3057e-01,  6.3055e-01,
  6.3054e-01,  6.3052e-01,  6.3051e-01,  6.3050e-01,  6.3048e-01,  6.3048e-01,  6.3047e-01,
  6.3046e-01,  6.3046e-01,  6.3045e-01,  6.3045e-01,  3.8984e-01,  3.8822e-01,  3.8651e-01,
  3.8467e-01,  3.8270e-01,  3.8057e-01,  9.7015e-02,  7.0091e-02,  4.6232e-02,  2.5378e-02,
  7.5109e-03, -7.3756e-03, -1.9284e-02, -2.8215e-02, -3.4168e-02, -3.7145e-02]

Cell Currents (A):
[1.6504, 1.653 , 1.6555, 1.6579, 1.66  , 1.662 , 1.6638, 1.6654, 1.6668, 1.668 , 1.6691, 1.67  ,
 1.6707, 1.6713, 1.6716, 1.6718, 1.6504, 1.653 , 1.6555, 1.6579, 1.66  , 1.662 , 1.6638, 1.6654,
 1.6668, 1.668 , 1.6691, 1.67  , 1.6707, 1.6713, 1.6716, 1.6718, 8.7281, 8.7283, 8.7285, 8.7286,
 8.7288, 8.7289, 8.7291, 8.7292, 8.7294, 8.7295, 8.7296, 8.7296, 8.7297, 8.7298, 8.7298, 8.7298]

Bypass Diode Voltages (V):
[ 0.5906,  0.5906, -2.4326]

Bypass Diode Currents (A):
[ 6.9858,  6.9858, -0.0368]

------------------------------------------------------------

--- Test 4 | Target Voltage: 1.7971 V ---
Total Panel Voltage : 1.7971 V
Total Panel Current : 8.6543 A
Total Power         : 15.5526 W

Cell Voltages (V):
[-1.0000e+01,  6.3061e-01,  6.3059e-01,  6.3057e-01,  6.3055e-01,  6.3054e-01,  6.3052e-01,
  6.3051e-01,  6.3050e-01,  6.3048e-01,  6.3048e-01,  6.3047e-01,  6.3046e-01,  6.3046e-01,
  6.3045e-01,  6.3045e-01, -1.0000e+01,  6.3061e-01,  6.3059e-01,  6.3057e-01,  6.3055e-01,
  6.3054e-01,  6.3052e-01,  6.3051e-01,  6.3050e-01,  6.3048e-01,  6.3048e-01,  6.3047e-01,
  6.3046e-01,  6.3046e-01,  6.3045e-01,  6.3045e-01,  3.9207e-01,  3.9060e-01,  3.8904e-01,
  3.8739e-01,  3.8563e-01,  3.8374e-01,  1.4137e-01,  1.1378e-01,  8.9654e-02,  6.8664e-02,
  5.0711e-02,  3.5764e-02,  2.3812e-02,  1.4849e-02,  8.8752e-03,  5.8882e-03]

Cell Currents (A):
[1.6504, 1.653 , 1.6555, 1.6579, 1.66  , 1.662 , 1.6637, 1.6654, 1.6668, 1.668 , 1.6691, 1.67  ,
 1.6707, 1.6712, 1.6716, 1.6718, 1.6504, 1.653 , 1.6555, 1.6579, 1.66  , 1.662 , 1.6637, 1.6654,
 1.6668, 1.668 , 1.6691, 1.67  , 1.6707, 1.6712, 1.6716, 1.6718, 8.7279, 8.728 , 8.7282, 8.7284,
 8.7285, 8.7287, 8.7288, 8.729 , 8.7291, 8.7292, 8.7293, 8.7294, 8.7295, 8.7295, 8.7295, 8.7296]

Bypass Diode Voltages (V):
[ 0.5906,  0.5906, -2.8818]

Bypass Diode Currents (A):
[ 6.9855,  6.9855, -0.0368]

------------------------------------------------------------

--- Test 5 | Target Voltage: 2.2464 V ---
Total Panel Voltage : 2.2464 V
Total Panel Current : 8.6540 A
Total Power         : 19.4402 W

Cell Voltages (V):
[-10.    ,   0.6306,   0.6306,   0.6306,   0.6306,   0.6305,   0.6305,   0.6305,   0.6305,   0.6305,
   0.6305,   0.6305,   0.6305,   0.6305,   0.6305,   0.6305, -10.    ,   0.6306,   0.6306,   0.6306,
   0.6306,   0.6305,   0.6305,   0.6305,   0.6305,   0.6305,   0.6305,   0.6305,   0.6305,   0.6305,
   0.6305,   0.6305,   0.3941,   0.3928,   0.3913,   0.3898,   0.3882,   0.3865,   0.1898,   0.1584,
   0.1331,   0.1116,   0.0935,   0.0784,   0.0664,   0.0574,   0.0514,   0.0484]

Cell Currents (A):
[1.6503, 1.653 , 1.6555, 1.6578, 1.66  , 1.662 , 1.6637, 1.6653, 1.6668, 1.668 , 1.6691, 1.67  ,
 1.6707, 1.6712, 1.6716, 1.6718, 1.6503, 1.653 , 1.6555, 1.6578, 1.66  , 1.662 , 1.6637, 1.6653,
 1.6668, 1.668 , 1.6691, 1.67  , 1.6707, 1.6712, 1.6716, 1.6718, 8.7276, 8.7278, 8.728 , 8.7281,
 8.7283, 8.7284, 8.7286, 8.7287, 8.7289, 8.729 , 8.7291, 8.7292, 8.7292, 8.7293, 8.7293, 8.7293]

Bypass Diode Voltages (V):
[ 0.5906,  0.5906, -3.3311]

Bypass Diode Currents (A):
[ 6.9853,  6.9853, -0.0368]

------------------------------------------------------------

--- Test 6 | Target Voltage: 2.6957 V ---
Total Panel Voltage : 2.6957 V
Total Panel Current : 8.6534 A
Total Power         : 23.3267 W

Cell Voltages (V):
[-10.    ,   0.6306,   0.6306,   0.6306,   0.6306,   0.6305,   0.6305,   0.6305,   0.6305,   0.6305,
   0.6305,   0.6305,   0.6305,   0.6305,   0.6305,   0.6305, -10.    ,   0.6306,   0.6306,   0.6306,
   0.6306,   0.6305,   0.6305,   0.6305,   0.6305,   0.6305,   0.6305,   0.6305,   0.6305,   0.6305,
   0.6305,   0.6305,   0.3982,   0.3971,   0.3959,   0.3946,   0.3933,   0.3919,   0.3905,   0.1966,
   0.1631,   0.1381,   0.1176,   0.1007,   0.0874,   0.0773,   0.0707,   0.0673]

Cell Currents (A):
[1.6503, 1.653 , 1.6555, 1.6578, 1.66  , 1.6619, 1.6637, 1.6653, 1.6668, 1.668 , 1.6691, 1.67  ,
 1.6707, 1.6712, 1.6716, 1.6718, 1.6503, 1.653 , 1.6555, 1.6578, 1.66  , 1.6619, 1.6637, 1.6653,
 1.6668, 1.668 , 1.6691, 1.67  , 1.6707, 1.6712, 1.6716, 1.6718, 8.7271, 8.7272, 8.7274, 8.7276,
 8.7277, 8.7279, 8.728 , 8.7282, 8.7283, 8.7285, 8.7286, 8.7287, 8.7287, 8.7288, 8.7288, 8.7288]

Bypass Diode Voltages (V):
[ 0.5905,  0.5905, -3.7804]

Bypass Diode Currents (A):
[ 6.9847,  6.9847, -0.0368]

------------------------------------------------------------

--- Test 7 | Target Voltage: 3.1449 V ---
Total Panel Voltage : 3.1449 V
Total Panel Current : 8.6528 A
Total Power         : 27.2123 W

Cell Voltages (V):
[-10.    ,   0.6306,   0.6306,   0.6306,   0.6306,   0.6305,   0.6305,   0.6305,   0.6305,   0.6305,
   0.6305,   0.6305,   0.6305,   0.6305,   0.6305,   0.6305, -10.    ,   0.6306,   0.6306,   0.6306,
   0.6306,   0.6305,   0.6305,   0.6305,   0.6305,   0.6305,   0.6305,   0.6305,   0.6305,   0.6305,
   0.6305,   0.6305,   0.4025,   0.4015,   0.4005,   0.3994,   0.3983,   0.3972,   0.396 ,   0.3948,
   0.2105,   0.1699,   0.1451,   0.1256,   0.1103,   0.099 ,   0.0914,   0.0877]

Cell Currents (A):
[1.6503, 1.653 , 1.6555, 1.6578, 1.66  , 1.6619, 1.6637, 1.6653, 1.6668, 1.668 , 1.6691, 1.67  ,
 1.6707, 1.6712, 1.6716, 1.6718, 1.6503, 1.653 , 1.6555, 1.6578, 1.66  , 1.6619, 1.6637, 1.6653,
 1.6668, 1.668 , 1.6691, 1.67  , 1.6707, 1.6712, 1.6716, 1.6718, 8.7264, 8.7266, 8.7267, 8.7269,
 8.727 , 8.7272, 8.7274, 8.7275, 8.7277, 8.7278, 8.7279, 8.728 , 8.7281, 8.7282, 8.7282, 8.7282]

Bypass Diode Voltages (V):
[ 0.5905,  0.5905, -4.2296]

Bypass Diode Currents (A):
[ 6.984 ,  6.984 , -0.0368]

------------------------------------------------------------

--- Test 8 | Target Voltage: 3.5942 V ---
Total Panel Voltage : 3.5942 V
Total Panel Current : 8.6513 A
Total Power         : 31.0944 W

Cell Voltages (V):
[-10.    ,   0.6306,   0.6306,   0.6306,   0.6306,   0.6305,   0.6305,   0.6305,   0.6305,   0.6305,
   0.6305,   0.6305,   0.6305,   0.6305,   0.6305,   0.6305, -10.    ,   0.6306,   0.6306,   0.6306,
   0.6306,   0.6305,   0.6305,   0.6305,   0.6305,   0.6305,   0.6305,   0.6305,   0.6305,   0.6305,
   0.6305,   0.6305,   0.4099,   0.4092,   0.4084,   0.4077,   0.4069,   0.406 ,   0.4052,   0.4043,
   0.4034,   0.4025,   0.1494,   0.1232,   0.1031,   0.0881,   0.0782,   0.0733]

Cell Currents (A):
[1.6503, 1.653 , 1.6555, 1.6578, 1.6599, 1.6619, 1.6637, 1.6653, 1.6667, 1.668 , 1.6691, 1.6699,
 1.6707, 1.6712, 1.6716, 1.6717, 1.6503, 1.653 , 1.6555, 1.6578, 1.6599, 1.6619, 1.6637, 1.6653,
 1.6667, 1.668 , 1.6691, 1.6699, 1.6707, 1.6712, 1.6716, 1.6717, 8.7249, 8.7251, 8.7252, 8.7254,
 8.7256, 8.7257, 8.7259, 8.726 , 8.7262, 8.7263, 8.7265, 8.7266, 8.7267, 8.7268, 8.7269, 8.7269]

Bypass Diode Voltages (V):
[ 0.5905,  0.5905, -4.6789]

Bypass Diode Currents (A):
[ 6.9826,  6.9826, -0.0368]

------------------------------------------------------------

--- Test 9 | Target Voltage: 4.0435 V ---
Total Panel Voltage : 4.0435 V
Total Panel Current : 8.6499 A
Total Power         : 34.9757 W

Cell Voltages (V):
[-10.    ,   0.6306,   0.6306,   0.6306,   0.6306,   0.6305,   0.6305,   0.6305,   0.6305,   0.6305,
   0.6305,   0.6305,   0.6305,   0.6305,   0.6305,   0.6305, -10.    ,   0.6306,   0.6306,   0.6306,
   0.6306,   0.6305,   0.6305,   0.6305,   0.6305,   0.6305,   0.6305,   0.6305,   0.6305,   0.6305,
   0.6305,   0.6305,   0.4153,   0.4147,   0.4141,   0.4134,   0.4128,   0.4121,   0.4115,   0.4108,
   0.4101,   0.4094,   0.4087,   0.157 ,   0.1309,   0.1125,   0.1005,   0.0945]

Cell Currents (A):
[1.6503, 1.653 , 1.6555, 1.6578, 1.6599, 1.6619, 1.6637, 1.6653, 1.6667, 1.668 , 1.669 , 1.6699,
 1.6706, 1.6712, 1.6715, 1.6717, 1.6503, 1.653 , 1.6555, 1.6578, 1.6599, 1.6619, 1.6637, 1.6653,
 1.6667, 1.668 , 1.669 , 1.6699, 1.6706, 1.6712, 1.6715, 1.6717, 8.7236, 8.7237, 8.7239, 8.724 ,
 8.7242, 8.7244, 8.7245, 8.7247, 8.7248, 8.725 , 8.7252, 8.7253, 8.7254, 8.7255, 8.7256, 8.7256]

Bypass Diode Voltages (V):
[ 0.5905,  0.5905, -5.1282]

Bypass Diode Currents (A):
[ 6.9812,  6.9812, -0.0368]

------------------------------------------------------------

--- Test 10 | Target Voltage: 4.4928 V ---
Total Panel Voltage : 4.4928 V
Total Panel Current : 8.6479 A
Total Power         : 38.8531 W

Cell Voltages (V):
[-10.    ,   0.6306,   0.6306,   0.6306,   0.6306,   0.6305,   0.6305,   0.6305,   0.6305,   0.6305,
   0.6305,   0.6305,   0.6305,   0.6305,   0.6305,   0.6305, -10.    ,   0.6306,   0.6306,   0.6306,
   0.6306,   0.6305,   0.6305,   0.6305,   0.6305,   0.6305,   0.6305,   0.6305,   0.6305,   0.6305,
   0.6305,   0.6305,   0.4215,   0.421 ,   0.4205,   0.42  ,   0.4195,   0.419 ,   0.4185,   0.418 ,
   0.4175,   0.4169,   0.4164,   0.4158,   0.1685,   0.1412,   0.1253,   0.1176]

Cell Currents (A):
[1.6502, 1.6529, 1.6554, 1.6577, 1.6599, 1.6618, 1.6636, 1.6652, 1.6667, 1.6679, 1.669 , 1.6699,
 1.6706, 1.6711, 1.6715, 1.6717, 1.6502, 1.6529, 1.6554, 1.6577, 1.6599, 1.6618, 1.6636, 1.6652,
 1.6667, 1.6679, 1.669 , 1.6699, 1.6706, 1.6711, 1.6715, 1.6717, 8.7216, 8.7218, 8.7219, 8.7221,
 8.7223, 8.7224, 8.7226, 8.7227, 8.7229, 8.7231, 8.7232, 8.7234, 8.7235, 8.7236, 8.7237, 8.7238]

Bypass Diode Voltages (V):
[ 0.5905,  0.5905, -5.5775]

Bypass Diode Currents (A):
[ 6.9793,  6.9793, -0.0368]

------------------------------------------------------------

--- Test 11 | Target Voltage: 4.9420 V ---
Total Panel Voltage : 4.9420 V
Total Panel Current : 8.6400 A
Total Power         : 42.6993 W

Cell Voltages (V):
[-10.    ,   0.6306,   0.6306,   0.6306,   0.6306,   0.6305,   0.6305,   0.6305,   0.6305,   0.6305,
   0.6305,   0.6305,   0.6305,   0.6305,   0.6305,   0.6305, -10.    ,   0.6306,   0.6306,   0.6306,
   0.6306,   0.6305,   0.6305,   0.6305,   0.6305,   0.6305,   0.6305,   0.6305,   0.6305,   0.6305,
   0.6305,   0.6305,   0.4379,   0.4376,   0.4373,   0.4371,   0.4368,   0.4365,   0.4363,   0.436 ,
   0.4357,   0.4355,   0.4352,   0.4349,   0.4346,   0.4344,  -0.0323,  -0.0468]

Cell Currents (A):
[1.6501, 1.6528, 1.6553, 1.6576, 1.6597, 1.6617, 1.6635, 1.6651, 1.6665, 1.6678, 1.6689, 1.6697,
 1.6705, 1.671 , 1.6714, 1.6715, 1.6501, 1.6528, 1.6553, 1.6576, 1.6597, 1.6617, 1.6635, 1.6651,
 1.6665, 1.6678, 1.6689, 1.6697, 1.6705, 1.671 , 1.6714, 1.6715, 8.7138, 8.7139, 8.7141, 8.7142,
 8.7144, 8.7146, 8.7147, 8.7149, 8.715 , 8.7152, 8.7154, 8.7155, 8.7157, 8.7158, 8.716 , 8.7161]

Bypass Diode Voltages (V):
[ 0.5905,  0.5905, -6.0267]

Bypass Diode Currents (A):
[ 6.9715,  6.9715, -0.0369]

------------------------------------------------------------

--- Test 12 | Target Voltage: 5.3913 V ---
Total Panel Voltage : 5.3913 V
Total Panel Current : 8.6388 A
Total Power         : 46.5745 W

Cell Voltages (V):
[-10.    ,   0.6306,   0.6306,   0.6306,   0.6306,   0.6305,   0.6305,   0.6305,   0.6305,   0.6305,
   0.6305,   0.6305,   0.6305,   0.6305,   0.6305,   0.6305, -10.    ,   0.6306,   0.6306,   0.6306,
   0.6306,   0.6305,   0.6305,   0.6305,   0.6305,   0.6305,   0.6305,   0.6305,   0.6305,   0.6305,
   0.6305,   0.6305,   0.4397,   0.4394,   0.4392,   0.4389,   0.4387,   0.4384,   0.4382,   0.438 ,
   0.4377,   0.4374,   0.4372,   0.4369,   0.4367,   0.4364,   0.1859,   0.1572]

Cell Currents (A):
[1.6501, 1.6528, 1.6553, 1.6576, 1.6597, 1.6617, 1.6635, 1.6651, 1.6665, 1.6678, 1.6688, 1.6697,
 1.6704, 1.671 , 1.6713, 1.6715, 1.6501, 1.6528, 1.6553, 1.6576, 1.6597, 1.6617, 1.6635, 1.6651,
 1.6665, 1.6678, 1.6688, 1.6697, 1.6704, 1.671 , 1.6713, 1.6715, 8.7126, 8.7127, 8.7129, 8.713 ,
 8.7132, 8.7134, 8.7135, 8.7137, 8.7138, 8.714 , 8.7142, 8.7143, 8.7145, 8.7146, 8.7148, 8.7149]

Bypass Diode Voltages (V):
[ 0.5905,  0.5905, -6.476 ]

Bypass Diode Currents (A):
[ 6.9703,  6.9703, -0.0369]

------------------------------------------------------------

--- Test 13 | Target Voltage: 5.8406 V ---
Total Panel Voltage : 5.8406 V
Total Panel Current : 8.6217 A
Total Power         : 50.3558 W

Cell Voltages (V):
[-10.    ,   0.6306,   0.6306,   0.6306,   0.6306,   0.6305,   0.6305,   0.6305,   0.6305,   0.6305,
   0.6305,   0.6305,   0.6305,   0.6305,   0.6305,   0.6305, -10.    ,   0.6306,   0.6306,   0.6306,
   0.6306,   0.6305,   0.6305,   0.6305,   0.6305,   0.6305,   0.6305,   0.6305,   0.6305,   0.6305,
   0.6305,   0.6305,   0.4573,   0.4571,   0.457 ,   0.4569,   0.4567,   0.4566,   0.4565,   0.4564,
   0.4562,   0.4561,   0.456 ,   0.4559,   0.4557,   0.4556,   0.4555,   0.0796]

Cell Currents (A):
[1.6498, 1.6525, 1.655 , 1.6573, 1.6594, 1.6614, 1.6632, 1.6648, 1.6662, 1.6675, 1.6685, 1.6694,
 1.6701, 1.6707, 1.671 , 1.6712, 1.6498, 1.6525, 1.655 , 1.6573, 1.6594, 1.6614, 1.6632, 1.6648,
 1.6662, 1.6675, 1.6685, 1.6694, 1.6701, 1.6707, 1.671 , 1.6712, 8.6956, 8.6958, 8.6959, 8.6961,
 8.6962, 8.6964, 8.6966, 8.6967, 8.6969, 8.697 , 8.6972, 8.6974, 8.6975, 8.6977, 8.6978, 8.698 ]

Bypass Diode Voltages (V):
[ 0.5904,  0.5904, -6.9252]

Bypass Diode Currents (A):
[ 6.9535,  6.9535, -0.0369]

------------------------------------------------------------

--- Test 14 | Target Voltage: 6.2899 V ---
Total Panel Voltage : 6.2899 V
Total Panel Current : 8.6136 A
Total Power         : 54.1786 W

Cell Voltages (V):
[-10.    ,   0.6306,   0.6306,   0.6306,   0.6306,   0.6305,   0.6305,   0.6305,   0.6305,   0.6305,
   0.6305,   0.6305,   0.6305,   0.6305,   0.6305,   0.6305, -10.    ,   0.6306,   0.6306,   0.6306,
   0.6306,   0.6305,   0.6305,   0.6305,   0.6305,   0.6305,   0.6305,   0.6305,   0.6305,   0.6305,
   0.6305,   0.6305,   0.4615,   0.4614,   0.4613,   0.4612,   0.4611,   0.461 ,   0.4609,   0.4609,
   0.4608,   0.4607,   0.4607,   0.4607,   0.4606,   0.4606,   0.4606,   0.4606]

Cell Currents (A):
[1.6498, 1.6525, 1.655 , 1.6573, 1.6594, 1.6614, 1.6632, 1.6648, 1.6662, 1.6675, 1.6685, 1.6694,
 1.6701, 1.6707, 1.671 , 1.6712, 1.6498, 1.6525, 1.655 , 1.6573, 1.6594, 1.6614, 1.6632, 1.6648,
 1.6662, 1.6675, 1.6685, 1.6694, 1.6701, 1.6707, 1.671 , 1.6712, 8.6875, 8.6877, 8.6878, 8.688 ,
 8.6881, 8.6882, 8.6883, 8.6884, 8.6885, 8.6885, 8.6886, 8.6887, 8.6887, 8.6887, 8.6888, 8.6888]

Bypass Diode Voltages (V):
[ 0.5904,  0.5904, -7.3745]

Bypass Diode Currents (A):
[ 6.9453,  6.9453, -0.037 ]

------------------------------------------------------------

--- Test 15 | Target Voltage: 6.7391 V ---
Total Panel Voltage : 6.7392 V
Total Panel Current : 8.5393 A
Total Power         : 57.5486 W

Cell Voltages (V):
[-10.    ,   0.6306,   0.6306,   0.6306,   0.6306,   0.6305,   0.6305,   0.6305,   0.6305,   0.6305,
   0.6305,   0.6305,   0.6305,   0.6305,   0.6305,   0.6305, -10.    ,   0.6306,   0.6306,   0.6306,
   0.6306,   0.6305,   0.6305,   0.6305,   0.6305,   0.6305,   0.6305,   0.6305,   0.6305,   0.6305,
   0.6305,   0.6305,   0.4892,   0.4891,   0.4891,   0.4891,   0.489 ,   0.489 ,   0.489 ,   0.489 ,
   0.4889,   0.4889,   0.4889,   0.4889,   0.4889,   0.4889,   0.4889,   0.4889]

Cell Currents (A):
[1.6488, 1.6515, 1.654 , 1.6563, 1.6584, 1.6604, 1.6621, 1.6637, 1.6652, 1.6664, 1.6675, 1.6684,
 1.6691, 1.6696, 1.67  , 1.6702, 1.6488, 1.6515, 1.654 , 1.6563, 1.6584, 1.6604, 1.6621, 1.6637,
 1.6652, 1.6664, 1.6675, 1.6684, 1.6691, 1.6696, 1.67  , 1.6702, 8.6138, 8.614 , 8.6141, 8.6143,
 8.6144, 8.6145, 8.6146, 8.6147, 8.6148, 8.6148, 8.6149, 8.615 , 8.615 , 8.615 , 8.6151, 8.6151]

Bypass Diode Voltages (V):
[ 0.5901,  0.5901, -7.8235]

Bypass Diode Currents (A):
[ 6.8719,  6.8719, -0.0372]

------------------------------------------------------------

--- Test 16 | Target Voltage: 7.1884 V ---
Total Panel Voltage : 7.1887 V
Total Panel Current : 8.3364 A
Total Power         : 59.9274 W

Cell Voltages (V):
[-10.    ,   0.6306,   0.6306,   0.6306,   0.6306,   0.6306,   0.6306,   0.6305,   0.6305,   0.6305,
   0.6305,   0.6305,   0.6305,   0.6305,   0.6305,   0.6305, -10.    ,   0.6306,   0.6306,   0.6306,
   0.6306,   0.6306,   0.6306,   0.6305,   0.6305,   0.6305,   0.6305,   0.6305,   0.6305,   0.6305,
   0.6305,   0.6305,   0.5171,   0.5171,   0.5171,   0.517 ,   0.517 ,   0.517 ,   0.517 ,   0.517 ,
   0.517 ,   0.517 ,   0.517 ,   0.517 ,   0.517 ,   0.517 ,   0.517 ,   0.517 ]

Cell Currents (A):
[1.6459, 1.6486, 1.6511, 1.6534, 1.6555, 1.6575, 1.6592, 1.6608, 1.6622, 1.6635, 1.6645, 1.6654,
 1.6661, 1.6667, 1.667 , 1.6672, 1.6459, 1.6486, 1.6511, 1.6534, 1.6555, 1.6575, 1.6592, 1.6608,
 1.6622, 1.6635, 1.6645, 1.6654, 1.6661, 1.6667, 1.667 , 1.6672, 8.4124, 8.4126, 8.4127, 8.4129,
 8.413 , 8.4131, 8.4132, 8.4133, 8.4134, 8.4135, 8.4135, 8.4136, 8.4136, 8.4137, 8.4137, 8.4137]

Bypass Diode Voltages (V):
[ 0.5893,  0.5893, -8.2722]

Bypass Diode Currents (A):
[ 6.6714,  6.6714, -0.038 ]

------------------------------------------------------------

--- Test 17 | Target Voltage: 7.6377 V ---
Total Panel Voltage : 7.6384 V
Total Panel Current : 7.8212 A
Total Power         : 59.7413 W

Cell Voltages (V):
[-10.    ,   0.6307,   0.6307,   0.6307,   0.6307,   0.6306,   0.6306,   0.6306,   0.6306,   0.6306,
   0.6306,   0.6306,   0.6306,   0.6306,   0.6306,   0.6306, -10.    ,   0.6307,   0.6307,   0.6307,
   0.6307,   0.6306,   0.6306,   0.6306,   0.6306,   0.6306,   0.6306,   0.6306,   0.6306,   0.6306,
   0.6306,   0.6306,   0.545 ,   0.545 ,   0.545 ,   0.545 ,   0.545 ,   0.545 ,   0.545 ,   0.545 ,
   0.545 ,   0.545 ,   0.545 ,   0.545 ,   0.545 ,   0.545 ,   0.545 ,   0.545 ]

Cell Currents (A):
[1.6381, 1.6408, 1.6432, 1.6455, 1.6476, 1.6495, 1.6512, 1.6528, 1.6542, 1.6554, 1.6565, 1.6573,
 1.658 , 1.6586, 1.6589, 1.6591, 1.6381, 1.6408, 1.6432, 1.6455, 1.6476, 1.6495, 1.6512, 1.6528,
 1.6542, 1.6554, 1.6565, 1.6573, 1.658 , 1.6586, 1.6589, 1.6591, 7.9017, 7.9018, 7.902 , 7.9021,
 7.9023, 7.9024, 7.9025, 7.9026, 7.9027, 7.9028, 7.9028, 7.9029, 7.9029, 7.903 , 7.903 , 7.903 ]

Bypass Diode Voltages (V):
[ 0.5872,  0.5872, -8.7199]

Bypass Diode Currents (A):
[ 6.163 ,  6.163 , -0.0402]

------------------------------------------------------------

--- Test 18 | Target Voltage: 8.0870 V ---
Total Panel Voltage : 8.0885 V
Total Panel Current : 6.6953 A
Total Power         : 54.1549 W

Cell Voltages (V):
[-10.    ,   0.6309,   0.6309,   0.6308,   0.6308,   0.6308,   0.6308,   0.6308,   0.6308,   0.6308,
   0.6308,   0.6308,   0.6307,   0.6307,   0.6307,   0.6307, -10.    ,   0.6309,   0.6309,   0.6308,
   0.6308,   0.6308,   0.6308,   0.6308,   0.6308,   0.6308,   0.6308,   0.6308,   0.6307,   0.6307,
   0.6307,   0.6307,   0.5728,   0.5728,   0.5728,   0.5728,   0.5728,   0.5728,   0.5728,   0.5728,
   0.5728,   0.5728,   0.5728,   0.5728,   0.5728,   0.5728,   0.5728,   0.5728]

Cell Currents (A):
[1.618 , 1.6205, 1.6229, 1.6251, 1.6271, 1.6289, 1.6306, 1.6321, 1.6334, 1.6346, 1.6356, 1.6365,
 1.6371, 1.6376, 1.638 , 1.6381, 1.618 , 1.6205, 1.6229, 1.6251, 1.6271, 1.6289, 1.6306, 1.6321,
 1.6334, 1.6346, 1.6356, 1.6365, 1.6371, 1.6376, 1.638 , 1.6381, 6.7878, 6.788 , 6.7882, 6.7883,
 6.7885, 6.7886, 6.7888, 6.7889, 6.789 , 6.7891, 6.7892, 6.7892, 6.7893, 6.7893, 6.7893, 6.7893]

Bypass Diode Voltages (V):
[ 0.5819,  0.5819, -9.1648]

Bypass Diode Currents (A):
[ 5.0541,  5.0541, -0.0463]

------------------------------------------------------------

--- Test 19 | Target Voltage: 8.5362 V ---
Total Panel Voltage : 8.5398 V
Total Panel Current : 4.7112 A
Total Power         : 40.2326 W

Cell Voltages (V):
[-10.    ,   0.6313,   0.6313,   0.6313,   0.6313,   0.6312,   0.6312,   0.6312,   0.6312,   0.6312,
   0.6312,   0.6312,   0.6312,   0.6312,   0.6312,   0.6312, -10.    ,   0.6313,   0.6313,   0.6313,
   0.6313,   0.6312,   0.6312,   0.6312,   0.6312,   0.6312,   0.6312,   0.6312,   0.6312,   0.6312,
   0.6312,   0.6312,   0.6002,   0.6002,   0.6002,   0.6002,   0.6002,   0.6002,   0.6002,   0.6002,
   0.6002,   0.6002,   0.6002,   0.6002,   0.6002,   0.6002,   0.6002,   0.6002]

Cell Currents (A):
[1.5679, 1.5702, 1.5723, 1.5742, 1.576 , 1.5777, 1.5792, 1.5805, 1.5817, 1.5828, 1.5837, 1.5844,
 1.585 , 1.5855, 1.5858, 1.5859, 1.5679, 1.5702, 1.5723, 1.5742, 1.576 , 1.5777, 1.5792, 1.5805,
 1.5817, 1.5828, 1.5837, 1.5844, 1.585 , 1.5855, 1.5858, 1.5859, 4.8398, 4.8401, 4.8403, 4.8406,
 4.8408, 4.841 , 4.8412, 4.8413, 4.8415, 4.8416, 4.8417, 4.8418, 4.8419, 4.8419, 4.8419, 4.842 ]

Bypass Diode Voltages (V):
[ 0.5688,  0.5688, -9.603 ]

Bypass Diode Currents (A):
[ 3.1111,  3.1111, -0.0643]

------------------------------------------------------------

--- Test 20 | Target Voltage: 8.9855 V ---
Total Panel Voltage : 8.9956 V
Total Panel Current : 1.9770 A
Total Power         : 17.7841 W

Cell Voltages (V):
[-10.    ,   0.633 ,   0.6329,   0.6329,   0.6329,   0.6329,   0.6329,   0.6329,   0.6329,   0.6329,
   0.6329,   0.6329,   0.6329,   0.6329,   0.6329,   0.6329, -10.    ,   0.633 ,   0.6329,   0.6329,
   0.6329,   0.6329,   0.6329,   0.6329,   0.6329,   0.6329,   0.6329,   0.6329,   0.6329,   0.6329,
   0.6329,   0.6329,   0.6255,   0.6255,   0.6255,   0.6255,   0.6255,   0.6255,   0.6255,   0.6255,
   0.6255,   0.6255,   0.6255,   0.6255,   0.6255,   0.6255,   0.6255,   0.6255]

Cell Currents (A):
[1.3722, 1.3734, 1.3746, 1.3756, 1.3766, 1.3775, 1.3783, 1.379 , 1.3797, 1.3802, 1.3807, 1.3811,
 1.3815, 1.3817, 1.3819, 1.3819, 1.3722, 1.3734, 1.3746, 1.3756, 1.3766, 1.3775, 1.3783, 1.379 ,
 1.3797, 1.3802, 1.3807, 1.3811, 1.3815, 1.3817, 1.3819, 1.3819, 2.256 , 2.2566, 2.2572, 2.2577,
 2.2581, 2.2586, 2.2589, 2.2593, 2.2596, 2.2599, 2.2601, 2.2603, 2.2605, 2.2606, 2.2607, 2.2607]

Bypass Diode Voltages (V):
[  0.5185,   0.5185, -10.0082]

Bypass Diode Currents (A):
[ 0.535 ,  0.535 , -0.1395]

------------------------------------------------------------

--- Test 21 | Target Voltage: 9.4348 V ---
Total Panel Voltage : 9.4348 V
Total Panel Current : 1.0309 A
Total Power         : 9.7263 W

Cell Voltages (V):
[-9.9052,  0.6358,  0.6358,  0.6358,  0.6358,  0.6358,  0.6358,  0.6358,  0.6358,  0.6358,  0.6358,
  0.6358,  0.6358,  0.6358,  0.6358,  0.6358, -9.9052,  0.6358,  0.6358,  0.6358,  0.6358,  0.6358,
  0.6358,  0.6358,  0.6358,  0.6358,  0.6358,  0.6358,  0.6358,  0.6358,  0.6358,  0.6358,  0.6358,
  0.6358,  0.6358,  0.6358,  0.6358,  0.6358,  0.6358,  0.6358,  0.6358,  0.6358,  0.6358,  0.6358,
  0.6358,  0.6358,  0.6358,  0.6358]

Cell Currents (A):
[1.0292, 1.0292, 1.0292, 1.0292, 1.0292, 1.0292, 1.0292, 1.0292, 1.0292, 1.0292, 1.0292, 1.0292,
 1.0292, 1.0292, 1.0292, 1.0292, 1.0292, 1.0292, 1.0292, 1.0292, 1.0292, 1.0292, 1.0292, 1.0292,
 1.0292, 1.0292, 1.0292, 1.0292, 1.0292, 1.0292, 1.0292, 1.0292, 1.0309, 1.0309, 1.0309, 1.0309,
 1.0309, 1.0309, 1.0309, 1.0309, 1.0309, 1.0309, 1.0309, 1.0309, 1.0309, 1.0309, 1.0309, 1.0309]

Bypass Diode Voltages (V):
[  0.3687,   0.3687, -10.1721]

Bypass Diode Currents (A):
[ 1.6655e-03,  1.6655e-03, -1.6000e-09]

------------------------------------------------------------

--- Test 22 | Target Voltage: 9.8841 V ---
Total Panel Voltage : 9.8841 V
Total Panel Current : 1.0291 A
Total Power         : 10.1716 W

Cell Voltages (V):
[-9.6807,  0.6358,  0.6358,  0.6358,  0.6358,  0.6358,  0.6358,  0.6358,  0.6358,  0.6358,  0.6358,
  0.6358,  0.6358,  0.6358,  0.6358,  0.6358, -9.6807,  0.6358,  0.6358,  0.6358,  0.6358,  0.6358,
  0.6358,  0.6358,  0.6358,  0.6358,  0.6358,  0.6358,  0.6358,  0.6358,  0.6358,  0.6358,  0.6358,
  0.6358,  0.6358,  0.6358,  0.6358,  0.6358,  0.6358,  0.6358,  0.6358,  0.6358,  0.6358,  0.6358,
  0.6358,  0.6358,  0.6358,  0.6358]

Cell Currents (A):
[1.0291, 1.0291, 1.0291, 1.0291, 1.0291, 1.0291, 1.0291, 1.0291, 1.0291, 1.0291, 1.0291, 1.0291,
 1.0291, 1.0291, 1.0291, 1.0291, 1.0291, 1.0291, 1.0291, 1.0291, 1.0291, 1.0291, 1.0291, 1.0291,
 1.0291, 1.0291, 1.0291, 1.0291, 1.0291, 1.0291, 1.0291, 1.0291, 1.0291, 1.0291, 1.0291, 1.0291,
 1.0291, 1.0291, 1.0291, 1.0291, 1.0291, 1.0291, 1.0291, 1.0291, 1.0291, 1.0291, 1.0291, 1.0291]

Bypass Diode Voltages (V):
[  0.1442,   0.1442, -10.1724]

Bypass Diode Currents (A):
[ 3.5893e-07,  3.5893e-07, -1.6000e-09]

------------------------------------------------------------

--- Test 23 | Target Voltage: 10.3333 V ---
Total Panel Voltage : 10.3333 V
Total Panel Current : 1.0289 A
Total Power         : 10.6324 W

Cell Voltages (V):
[-9.4561,  0.6358,  0.6358,  0.6358,  0.6358,  0.6358,  0.6358,  0.6358,  0.6358,  0.6358,  0.6358,
  0.6358,  0.6358,  0.6358,  0.6358,  0.6358, -9.4561,  0.6358,  0.6358,  0.6358,  0.6358,  0.6358,
  0.6358,  0.6358,  0.6358,  0.6358,  0.6358,  0.6358,  0.6358,  0.6358,  0.6358,  0.6358,  0.6358,
  0.6358,  0.6358,  0.6358,  0.6358,  0.6358,  0.6358,  0.6358,  0.6358,  0.6358,  0.6358,  0.6358,
  0.6358,  0.6358,  0.6358,  0.6358]

Cell Currents (A):
[1.0289, 1.0289, 1.0289, 1.0289, 1.0289, 1.0289, 1.0289, 1.0289, 1.0289, 1.0289, 1.0289, 1.0289,
 1.0289, 1.0289, 1.0289, 1.0289, 1.0289, 1.0289, 1.0289, 1.0289, 1.0289, 1.0289, 1.0289, 1.0289,
 1.0289, 1.0289, 1.0289, 1.0289, 1.0289, 1.0289, 1.0289, 1.0289, 1.0289, 1.0289, 1.0289, 1.0289,
 1.0289, 1.0289, 1.0289, 1.0289, 1.0289, 1.0289, 1.0289, 1.0289, 1.0289, 1.0289, 1.0289, 1.0289]

Bypass Diode Voltages (V):
[ -0.0805,  -0.0805, -10.1724]

Bypass Diode Currents (A):
[-1.5223e-09, -1.5223e-09, -1.6000e-09]

------------------------------------------------------------

--- Test 24 | Target Voltage: 10.7826 V ---
Total Panel Voltage : 10.7826 V
Total Panel Current : 1.0288 A
Total Power         : 11.0930 W

Cell Voltages (V):
[-9.2315,  0.6358,  0.6358,  0.6358,  0.6358,  0.6358,  0.6358,  0.6358,  0.6358,  0.6358,  0.6358,
  0.6358,  0.6358,  0.6358,  0.6358,  0.6358, -9.2315,  0.6358,  0.6358,  0.6358,  0.6358,  0.6358,
  0.6358,  0.6358,  0.6358,  0.6358,  0.6358,  0.6358,  0.6358,  0.6358,  0.6358,  0.6358,  0.6358,
  0.6358,  0.6358,  0.6358,  0.6358,  0.6358,  0.6358,  0.6358,  0.6358,  0.6358,  0.6358,  0.6358,
  0.6358,  0.6358,  0.6358,  0.6358]

Cell Currents (A):
[1.0288, 1.0288, 1.0288, 1.0288, 1.0288, 1.0288, 1.0288, 1.0288, 1.0288, 1.0288, 1.0288, 1.0288,
 1.0288, 1.0288, 1.0288, 1.0288, 1.0288, 1.0288, 1.0288, 1.0288, 1.0288, 1.0288, 1.0288, 1.0288,
 1.0288, 1.0288, 1.0288, 1.0288, 1.0288, 1.0288, 1.0288, 1.0288, 1.0288, 1.0288, 1.0288, 1.0288,
 1.0288, 1.0288, 1.0288, 1.0288, 1.0288, 1.0288, 1.0288, 1.0288, 1.0288, 1.0288, 1.0288, 1.0288]

Bypass Diode Voltages (V):
[ -0.3051,  -0.3051, -10.1724]

Bypass Diode Currents (A):
[-1.6e-09, -1.6e-09, -1.6e-09]

------------------------------------------------------------

--- Test 25 | Target Voltage: 11.2319 V ---
Total Panel Voltage : 11.2319 V
Total Panel Current : 1.0286 A
Total Power         : 11.5536 W

Cell Voltages (V):
[-9.0069,  0.6358,  0.6358,  0.6358,  0.6358,  0.6358,  0.6358,  0.6358,  0.6358,  0.6358,  0.6358,
  0.6358,  0.6358,  0.6358,  0.6358,  0.6358, -9.0069,  0.6358,  0.6358,  0.6358,  0.6358,  0.6358,
  0.6358,  0.6358,  0.6358,  0.6358,  0.6358,  0.6358,  0.6358,  0.6358,  0.6358,  0.6358,  0.6358,
  0.6358,  0.6358,  0.6358,  0.6358,  0.6358,  0.6358,  0.6358,  0.6358,  0.6358,  0.6358,  0.6358,
  0.6358,  0.6358,  0.6358,  0.6358]

Cell Currents (A):
[1.0286, 1.0286, 1.0286, 1.0286, 1.0286, 1.0286, 1.0286, 1.0286, 1.0286, 1.0286, 1.0286, 1.0286,
 1.0286, 1.0286, 1.0286, 1.0286, 1.0286, 1.0286, 1.0286, 1.0286, 1.0286, 1.0286, 1.0286, 1.0286,
 1.0286, 1.0286, 1.0286, 1.0286, 1.0286, 1.0286, 1.0286, 1.0286, 1.0286, 1.0286, 1.0286, 1.0286,
 1.0286, 1.0286, 1.0286, 1.0286, 1.0286, 1.0286, 1.0286, 1.0286, 1.0286, 1.0286, 1.0286, 1.0286]

Bypass Diode Voltages (V):
[ -0.5297,  -0.5297, -10.1724]

Bypass Diode Currents (A):
[-1.6e-09, -1.6e-09, -1.6e-09]

------------------------------------------------------------

--- Test 26 | Target Voltage: 11.6812 V ---
Total Panel Voltage : 11.6812 V
Total Panel Current : 1.0285 A
Total Power         : 12.0140 W

Cell Voltages (V):
[-8.7823,  0.6358,  0.6358,  0.6358,  0.6358,  0.6358,  0.6358,  0.6358,  0.6358,  0.6358,  0.6358,
  0.6358,  0.6358,  0.6358,  0.6358,  0.6358, -8.7823,  0.6358,  0.6358,  0.6358,  0.6358,  0.6358,
  0.6358,  0.6358,  0.6358,  0.6358,  0.6358,  0.6358,  0.6358,  0.6358,  0.6358,  0.6358,  0.6358,
  0.6358,  0.6358,  0.6358,  0.6358,  0.6358,  0.6358,  0.6358,  0.6358,  0.6358,  0.6358,  0.6358,
  0.6358,  0.6358,  0.6358,  0.6358]

Cell Currents (A):
[1.0285, 1.0285, 1.0285, 1.0285, 1.0285, 1.0285, 1.0285, 1.0285, 1.0285, 1.0285, 1.0285, 1.0285,
 1.0285, 1.0285, 1.0285, 1.0285, 1.0285, 1.0285, 1.0285, 1.0285, 1.0285, 1.0285, 1.0285, 1.0285,
 1.0285, 1.0285, 1.0285, 1.0285, 1.0285, 1.0285, 1.0285, 1.0285, 1.0285, 1.0285, 1.0285, 1.0285,
 1.0285, 1.0285, 1.0285, 1.0285, 1.0285, 1.0285, 1.0285, 1.0285, 1.0285, 1.0285, 1.0285, 1.0285]

Bypass Diode Voltages (V):
[ -0.7544,  -0.7544, -10.1724]

Bypass Diode Currents (A):
[-1.6e-09, -1.6e-09, -1.6e-09]

------------------------------------------------------------

--- Test 27 | Target Voltage: 12.1304 V ---
Total Panel Voltage : 12.1304 V
Total Panel Current : 1.0283 A
Total Power         : 12.4743 W

Cell Voltages (V):
[-8.5577,  0.6358,  0.6358,  0.6358,  0.6358,  0.6358,  0.6358,  0.6358,  0.6358,  0.6358,  0.6358,
  0.6358,  0.6358,  0.6358,  0.6358,  0.6358, -8.5577,  0.6358,  0.6358,  0.6358,  0.6358,  0.6358,
  0.6358,  0.6358,  0.6358,  0.6358,  0.6358,  0.6358,  0.6358,  0.6358,  0.6358,  0.6358,  0.6358,
  0.6358,  0.6358,  0.6358,  0.6358,  0.6358,  0.6358,  0.6358,  0.6358,  0.6358,  0.6358,  0.6358,
  0.6358,  0.6358,  0.6358,  0.6358]

Cell Currents (A):
[1.0283, 1.0283, 1.0283, 1.0283, 1.0283, 1.0283, 1.0283, 1.0283, 1.0283, 1.0283, 1.0283, 1.0283,
 1.0283, 1.0283, 1.0283, 1.0283, 1.0283, 1.0283, 1.0283, 1.0283, 1.0283, 1.0283, 1.0283, 1.0283,
 1.0283, 1.0283, 1.0283, 1.0283, 1.0283, 1.0283, 1.0283, 1.0283, 1.0283, 1.0283, 1.0283, 1.0283,
 1.0283, 1.0283, 1.0283, 1.0283, 1.0283, 1.0283, 1.0283, 1.0283, 1.0283, 1.0283, 1.0283, 1.0283]

Bypass Diode Voltages (V):
[ -0.979 ,  -0.979 , -10.1725]

Bypass Diode Currents (A):
[-1.6e-09, -1.6e-09, -1.6e-09]

------------------------------------------------------------

--- Test 28 | Target Voltage: 12.5797 V ---
Total Panel Voltage : 12.5797 V
Total Panel Current : 1.0282 A
Total Power         : 12.9344 W

Cell Voltages (V):
[-8.3331,  0.6358,  0.6358,  0.6358,  0.6358,  0.6358,  0.6358,  0.6358,  0.6358,  0.6358,  0.6358,
  0.6358,  0.6358,  0.6358,  0.6358,  0.6358, -8.3331,  0.6358,  0.6358,  0.6358,  0.6358,  0.6358,
  0.6358,  0.6358,  0.6358,  0.6358,  0.6358,  0.6358,  0.6358,  0.6358,  0.6358,  0.6358,  0.6358,
  0.6358,  0.6358,  0.6358,  0.6358,  0.6358,  0.6358,  0.6358,  0.6358,  0.6358,  0.6358,  0.6358,
  0.6358,  0.6358,  0.6358,  0.6358]

Cell Currents (A):
[1.0282, 1.0282, 1.0282, 1.0282, 1.0282, 1.0282, 1.0282, 1.0282, 1.0282, 1.0282, 1.0282, 1.0282,
 1.0282, 1.0282, 1.0282, 1.0282, 1.0282, 1.0282, 1.0282, 1.0282, 1.0282, 1.0282, 1.0282, 1.0282,
 1.0282, 1.0282, 1.0282, 1.0282, 1.0282, 1.0282, 1.0282, 1.0282, 1.0282, 1.0282, 1.0282, 1.0282,
 1.0282, 1.0282, 1.0282, 1.0282, 1.0282, 1.0282, 1.0282, 1.0282, 1.0282, 1.0282, 1.0282, 1.0282]

Bypass Diode Voltages (V):
[ -1.2036,  -1.2036, -10.1725]

Bypass Diode Currents (A):
[-1.6e-09, -1.6e-09, -1.6e-09]

------------------------------------------------------------

--- Test 29 | Target Voltage: 13.0290 V ---
Total Panel Voltage : 13.0290 V
Total Panel Current : 1.0280 A
Total Power         : 13.3944 W

Cell Voltages (V):
[-8.1085,  0.6358,  0.6358,  0.6358,  0.6358,  0.6358,  0.6358,  0.6358,  0.6358,  0.6358,  0.6358,
  0.6358,  0.6358,  0.6358,  0.6358,  0.6358, -8.1085,  0.6358,  0.6358,  0.6358,  0.6358,  0.6358,
  0.6358,  0.6358,  0.6358,  0.6358,  0.6358,  0.6358,  0.6358,  0.6358,  0.6358,  0.6358,  0.6358,
  0.6358,  0.6358,  0.6358,  0.6358,  0.6358,  0.6358,  0.6358,  0.6358,  0.6358,  0.6358,  0.6358,
  0.6358,  0.6358,  0.6358,  0.6358]

Cell Currents (A):
[1.028, 1.028, 1.028, 1.028, 1.028, 1.028, 1.028, 1.028, 1.028, 1.028, 1.028, 1.028, 1.028, 1.028,
 1.028, 1.028, 1.028, 1.028, 1.028, 1.028, 1.028, 1.028, 1.028, 1.028, 1.028, 1.028, 1.028, 1.028,
 1.028, 1.028, 1.028, 1.028, 1.028, 1.028, 1.028, 1.028, 1.028, 1.028, 1.028, 1.028, 1.028, 1.028,
 1.028, 1.028, 1.028, 1.028, 1.028, 1.028]

Bypass Diode Voltages (V):
[ -1.4282,  -1.4282, -10.1725]

Bypass Diode Currents (A):
[-1.6e-09, -1.6e-09, -1.6e-09]

------------------------------------------------------------

--- Test 30 | Target Voltage: 13.4783 V ---
Total Panel Voltage : 13.4783 V
Total Panel Current : 1.0279 A
Total Power         : 13.8543 W

Cell Voltages (V):
[-7.8839,  0.6358,  0.6358,  0.6358,  0.6358,  0.6358,  0.6358,  0.6358,  0.6358,  0.6358,  0.6358,
  0.6358,  0.6358,  0.6358,  0.6358,  0.6358, -7.8839,  0.6358,  0.6358,  0.6358,  0.6358,  0.6358,
  0.6358,  0.6358,  0.6358,  0.6358,  0.6358,  0.6358,  0.6358,  0.6358,  0.6358,  0.6358,  0.6358,
  0.6358,  0.6358,  0.6358,  0.6358,  0.6358,  0.6358,  0.6358,  0.6358,  0.6358,  0.6358,  0.6358,
  0.6358,  0.6358,  0.6358,  0.6358]

Cell Currents (A):
[1.0279, 1.0279, 1.0279, 1.0279, 1.0279, 1.0279, 1.0279, 1.0279, 1.0279, 1.0279, 1.0279, 1.0279,
 1.0279, 1.0279, 1.0279, 1.0279, 1.0279, 1.0279, 1.0279, 1.0279, 1.0279, 1.0279, 1.0279, 1.0279,
 1.0279, 1.0279, 1.0279, 1.0279, 1.0279, 1.0279, 1.0279, 1.0279, 1.0279, 1.0279, 1.0279, 1.0279,
 1.0279, 1.0279, 1.0279, 1.0279, 1.0279, 1.0279, 1.0279, 1.0279, 1.0279, 1.0279, 1.0279, 1.0279]

Bypass Diode Voltages (V):
[ -1.6529,  -1.6529, -10.1725]

Bypass Diode Currents (A):
[-1.6e-09, -1.6e-09, -1.6e-09]

------------------------------------------------------------

--- Test 31 | Target Voltage: 13.9275 V ---
Total Panel Voltage : 13.9275 V
Total Panel Current : 1.0278 A
Total Power         : 14.3140 W

Cell Voltages (V):
[-7.6592,  0.6358,  0.6358,  0.6358,  0.6358,  0.6358,  0.6358,  0.6358,  0.6358,  0.6358,  0.6358,
  0.6358,  0.6358,  0.6358,  0.6358,  0.6358, -7.6592,  0.6358,  0.6358,  0.6358,  0.6358,  0.6358,
  0.6358,  0.6358,  0.6358,  0.6358,  0.6358,  0.6358,  0.6358,  0.6358,  0.6358,  0.6358,  0.6358,
  0.6358,  0.6358,  0.6358,  0.6358,  0.6358,  0.6358,  0.6358,  0.6358,  0.6358,  0.6358,  0.6358,
  0.6358,  0.6358,  0.6358,  0.6358]

Cell Currents (A):
[1.0278, 1.0278, 1.0278, 1.0278, 1.0278, 1.0278, 1.0278, 1.0278, 1.0278, 1.0278, 1.0278, 1.0278,
 1.0278, 1.0278, 1.0278, 1.0278, 1.0278, 1.0278, 1.0278, 1.0278, 1.0278, 1.0278, 1.0278, 1.0278,
 1.0278, 1.0278, 1.0278, 1.0278, 1.0278, 1.0278, 1.0278, 1.0278, 1.0278, 1.0278, 1.0278, 1.0278,
 1.0278, 1.0278, 1.0278, 1.0278, 1.0278, 1.0278, 1.0278, 1.0278, 1.0278, 1.0278, 1.0278, 1.0278]

Bypass Diode Voltages (V):
[ -1.8775,  -1.8775, -10.1725]

Bypass Diode Currents (A):
[-1.6e-09, -1.6e-09, -1.6e-09]

------------------------------------------------------------

--- Test 32 | Target Voltage: 14.3768 V ---
Total Panel Voltage : 14.3768 V
Total Panel Current : 1.0276 A
Total Power         : 14.7737 W

Cell Voltages (V):
[-7.4346,  0.6358,  0.6358,  0.6358,  0.6358,  0.6358,  0.6358,  0.6358,  0.6358,  0.6358,  0.6358,
  0.6358,  0.6358,  0.6358,  0.6358,  0.6358, -7.4346,  0.6358,  0.6358,  0.6358,  0.6358,  0.6358,
  0.6358,  0.6358,  0.6358,  0.6358,  0.6358,  0.6358,  0.6358,  0.6358,  0.6358,  0.6358,  0.6358,
  0.6358,  0.6358,  0.6358,  0.6358,  0.6358,  0.6358,  0.6358,  0.6358,  0.6358,  0.6358,  0.6358,
  0.6358,  0.6358,  0.6358,  0.6358]

Cell Currents (A):
[1.0276, 1.0276, 1.0276, 1.0276, 1.0276, 1.0276, 1.0276, 1.0276, 1.0276, 1.0276, 1.0276, 1.0276,
 1.0276, 1.0276, 1.0276, 1.0276, 1.0276, 1.0276, 1.0276, 1.0276, 1.0276, 1.0276, 1.0276, 1.0276,
 1.0276, 1.0276, 1.0276, 1.0276, 1.0276, 1.0276, 1.0276, 1.0276, 1.0276, 1.0276, 1.0276, 1.0276,
 1.0276, 1.0276, 1.0276, 1.0276, 1.0276, 1.0276, 1.0276, 1.0276, 1.0276, 1.0276, 1.0276, 1.0276]

Bypass Diode Voltages (V):
[ -2.1021,  -2.1021, -10.1726]

Bypass Diode Currents (A):
[-1.6e-09, -1.6e-09, -1.6e-09]

------------------------------------------------------------

--- Test 33 | Target Voltage: 14.8261 V ---
Total Panel Voltage : 14.8261 V
Total Panel Current : 1.0275 A
Total Power         : 15.2331 W

Cell Voltages (V):
[-7.21  ,  0.6358,  0.6358,  0.6358,  0.6358,  0.6358,  0.6358,  0.6358,  0.6358,  0.6358,  0.6358,
  0.6358,  0.6358,  0.6358,  0.6358,  0.6358, -7.21  ,  0.6358,  0.6358,  0.6358,  0.6358,  0.6358,
  0.6358,  0.6358,  0.6358,  0.6358,  0.6358,  0.6358,  0.6358,  0.6358,  0.6358,  0.6358,  0.6358,
  0.6358,  0.6358,  0.6358,  0.6358,  0.6358,  0.6358,  0.6358,  0.6358,  0.6358,  0.6358,  0.6358,
  0.6358,  0.6358,  0.6358,  0.6358]

Cell Currents (A):
[1.0275, 1.0275, 1.0275, 1.0275, 1.0275, 1.0275, 1.0275, 1.0275, 1.0275, 1.0275, 1.0275, 1.0275,
 1.0275, 1.0275, 1.0275, 1.0275, 1.0275, 1.0275, 1.0275, 1.0275, 1.0275, 1.0275, 1.0275, 1.0275,
 1.0275, 1.0275, 1.0275, 1.0275, 1.0275, 1.0275, 1.0275, 1.0275, 1.0275, 1.0275, 1.0275, 1.0275,
 1.0275, 1.0275, 1.0275, 1.0275, 1.0275, 1.0275, 1.0275, 1.0275, 1.0275, 1.0275, 1.0275, 1.0275]

Bypass Diode Voltages (V):
[ -2.3268,  -2.3268, -10.1726]

Bypass Diode Currents (A):
[-1.6e-09, -1.6e-09, -1.6e-09]

------------------------------------------------------------

--- Test 34 | Target Voltage: 15.2754 V ---
Total Panel Voltage : 15.2754 V
Total Panel Current : 1.0273 A
Total Power         : 15.6925 W

Cell Voltages (V):
[-6.9854,  0.6358,  0.6358,  0.6358,  0.6358,  0.6358,  0.6358,  0.6358,  0.6358,  0.6358,  0.6358,
  0.6358,  0.6358,  0.6358,  0.6358,  0.6358, -6.9854,  0.6358,  0.6358,  0.6358,  0.6358,  0.6358,
  0.6358,  0.6358,  0.6358,  0.6358,  0.6358,  0.6358,  0.6358,  0.6358,  0.6358,  0.6358,  0.6358,
  0.6358,  0.6358,  0.6358,  0.6358,  0.6358,  0.6358,  0.6358,  0.6358,  0.6358,  0.6358,  0.6358,
  0.6358,  0.6358,  0.6358,  0.6358]

Cell Currents (A):
[1.0273, 1.0273, 1.0273, 1.0273, 1.0273, 1.0273, 1.0273, 1.0273, 1.0273, 1.0273, 1.0273, 1.0273,
 1.0273, 1.0273, 1.0273, 1.0273, 1.0273, 1.0273, 1.0273, 1.0273, 1.0273, 1.0273, 1.0273, 1.0273,
 1.0273, 1.0273, 1.0273, 1.0273, 1.0273, 1.0273, 1.0273, 1.0273, 1.0273, 1.0273, 1.0273, 1.0273,
 1.0273, 1.0273, 1.0273, 1.0273, 1.0273, 1.0273, 1.0273, 1.0273, 1.0273, 1.0273, 1.0273, 1.0273]

Bypass Diode Voltages (V):
[ -2.5514,  -2.5514, -10.1726]

Bypass Diode Currents (A):
[-1.6e-09, -1.6e-09, -1.6e-09]

------------------------------------------------------------

--- Test 35 | Target Voltage: 15.7246 V ---
Total Panel Voltage : 15.7246 V
Total Panel Current : 1.0272 A
Total Power         : 16.1517 W

Cell Voltages (V):
[-6.7608,  0.6358,  0.6358,  0.6358,  0.6358,  0.6358,  0.6358,  0.6358,  0.6358,  0.6358,  0.6358,
  0.6358,  0.6358,  0.6358,  0.6358,  0.6358, -6.7608,  0.6358,  0.6358,  0.6358,  0.6358,  0.6358,
  0.6358,  0.6358,  0.6358,  0.6358,  0.6358,  0.6358,  0.6358,  0.6358,  0.6358,  0.6358,  0.6358,
  0.6358,  0.6358,  0.6358,  0.6358,  0.6358,  0.6358,  0.6358,  0.6358,  0.6358,  0.6358,  0.6358,
  0.6358,  0.6358,  0.6358,  0.6358]

Cell Currents (A):
[1.0272, 1.0272, 1.0272, 1.0272, 1.0272, 1.0272, 1.0272, 1.0272, 1.0272, 1.0272, 1.0272, 1.0272,
 1.0272, 1.0272, 1.0272, 1.0272, 1.0272, 1.0272, 1.0272, 1.0272, 1.0272, 1.0272, 1.0272, 1.0272,
 1.0272, 1.0272, 1.0272, 1.0272, 1.0272, 1.0272, 1.0272, 1.0272, 1.0272, 1.0272, 1.0272, 1.0272,
 1.0272, 1.0272, 1.0272, 1.0272, 1.0272, 1.0272, 1.0272, 1.0272, 1.0272, 1.0272, 1.0272, 1.0272]

Bypass Diode Voltages (V):
[ -2.776 ,  -2.776 , -10.1726]

Bypass Diode Currents (A):
[-1.6e-09, -1.6e-09, -1.6e-09]

------------------------------------------------------------

--- Test 36 | Target Voltage: 16.1739 V ---
Total Panel Voltage : 16.1739 V
Total Panel Current : 1.0270 A
Total Power         : 16.6108 W

Cell Voltages (V):
[-6.5362,  0.6358,  0.6358,  0.6358,  0.6358,  0.6358,  0.6358,  0.6358,  0.6358,  0.6358,  0.6358,
  0.6358,  0.6358,  0.6358,  0.6358,  0.6358, -6.5362,  0.6358,  0.6358,  0.6358,  0.6358,  0.6358,
  0.6358,  0.6358,  0.6358,  0.6358,  0.6358,  0.6358,  0.6358,  0.6358,  0.6358,  0.6358,  0.6358,
  0.6358,  0.6358,  0.6358,  0.6358,  0.6358,  0.6358,  0.6358,  0.6358,  0.6358,  0.6358,  0.6358,
  0.6358,  0.6358,  0.6358,  0.6358]

Cell Currents (A):
[1.027, 1.027, 1.027, 1.027, 1.027, 1.027, 1.027, 1.027, 1.027, 1.027, 1.027, 1.027, 1.027, 1.027,
 1.027, 1.027, 1.027, 1.027, 1.027, 1.027, 1.027, 1.027, 1.027, 1.027, 1.027, 1.027, 1.027, 1.027,
 1.027, 1.027, 1.027, 1.027, 1.027, 1.027, 1.027, 1.027, 1.027, 1.027, 1.027, 1.027, 1.027, 1.027,
 1.027, 1.027, 1.027, 1.027, 1.027, 1.027]

Bypass Diode Voltages (V):
[ -3.0006,  -3.0006, -10.1726]

Bypass Diode Currents (A):
[-1.6e-09, -1.6e-09, -1.6e-09]

------------------------------------------------------------

--- Test 37 | Target Voltage: 16.6232 V ---
Total Panel Voltage : 16.6232 V
Total Panel Current : 1.0269 A
Total Power         : 17.0697 W

Cell Voltages (V):
[-6.3116,  0.6358,  0.6358,  0.6358,  0.6358,  0.6358,  0.6358,  0.6358,  0.6358,  0.6358,  0.6358,
  0.6358,  0.6358,  0.6358,  0.6358,  0.6358, -6.3116,  0.6358,  0.6358,  0.6358,  0.6358,  0.6358,
  0.6358,  0.6358,  0.6358,  0.6358,  0.6358,  0.6358,  0.6358,  0.6358,  0.6358,  0.6358,  0.6358,
  0.6358,  0.6358,  0.6358,  0.6358,  0.6358,  0.6358,  0.6358,  0.6358,  0.6358,  0.6358,  0.6358,
  0.6358,  0.6358,  0.6358,  0.6358]

Cell Currents (A):
[1.0269, 1.0269, 1.0269, 1.0269, 1.0269, 1.0269, 1.0269, 1.0269, 1.0269, 1.0269, 1.0269, 1.0269,
 1.0269, 1.0269, 1.0269, 1.0269, 1.0269, 1.0269, 1.0269, 1.0269, 1.0269, 1.0269, 1.0269, 1.0269,
 1.0269, 1.0269, 1.0269, 1.0269, 1.0269, 1.0269, 1.0269, 1.0269, 1.0269, 1.0269, 1.0269, 1.0269,
 1.0269, 1.0269, 1.0269, 1.0269, 1.0269, 1.0269, 1.0269, 1.0269, 1.0269, 1.0269, 1.0269, 1.0269]

Bypass Diode Voltages (V):
[ -3.2253,  -3.2253, -10.1726]

Bypass Diode Currents (A):
[-1.6e-09, -1.6e-09, -1.6e-09]

------------------------------------------------------------

--- Test 38 | Target Voltage: 17.0725 V ---
Total Panel Voltage : 17.0725 V
Total Panel Current : 1.0267 A
Total Power         : 17.5285 W

Cell Voltages (V):
[-6.087 ,  0.6358,  0.6358,  0.6358,  0.6358,  0.6358,  0.6358,  0.6358,  0.6358,  0.6358,  0.6358,
  0.6358,  0.6358,  0.6358,  0.6358,  0.6358, -6.087 ,  0.6358,  0.6358,  0.6358,  0.6358,  0.6358,
  0.6358,  0.6358,  0.6358,  0.6358,  0.6358,  0.6358,  0.6358,  0.6358,  0.6358,  0.6358,  0.6358,
  0.6358,  0.6358,  0.6358,  0.6358,  0.6358,  0.6358,  0.6358,  0.6358,  0.6358,  0.6358,  0.6358,
  0.6358,  0.6358,  0.6358,  0.6358]

Cell Currents (A):
[1.0267, 1.0267, 1.0267, 1.0267, 1.0267, 1.0267, 1.0267, 1.0267, 1.0267, 1.0267, 1.0267, 1.0267,
 1.0267, 1.0267, 1.0267, 1.0267, 1.0267, 1.0267, 1.0267, 1.0267, 1.0267, 1.0267, 1.0267, 1.0267,
 1.0267, 1.0267, 1.0267, 1.0267, 1.0267, 1.0267, 1.0267, 1.0267, 1.0267, 1.0267, 1.0267, 1.0267,
 1.0267, 1.0267, 1.0267, 1.0267, 1.0267, 1.0267, 1.0267, 1.0267, 1.0267, 1.0267, 1.0267, 1.0267]

Bypass Diode Voltages (V):
[ -3.4499,  -3.4499, -10.1727]

Bypass Diode Currents (A):
[-1.6e-09, -1.6e-09, -1.6e-09]

------------------------------------------------------------

--- Test 39 | Target Voltage: 17.5217 V ---
Total Panel Voltage : 17.5217 V
Total Panel Current : 1.0266 A
Total Power         : 17.9872 W

Cell Voltages (V):
[-5.8624,  0.6358,  0.6358,  0.6358,  0.6358,  0.6358,  0.6358,  0.6358,  0.6358,  0.6358,  0.6358,
  0.6358,  0.6358,  0.6358,  0.6358,  0.6358, -5.8624,  0.6358,  0.6358,  0.6358,  0.6358,  0.6358,
  0.6358,  0.6358,  0.6358,  0.6358,  0.6358,  0.6358,  0.6358,  0.6358,  0.6358,  0.6358,  0.6358,
  0.6358,  0.6358,  0.6358,  0.6358,  0.6358,  0.6358,  0.6358,  0.6358,  0.6358,  0.6358,  0.6358,
  0.6358,  0.6358,  0.6358,  0.6358]

Cell Currents (A):
[1.0266, 1.0266, 1.0266, 1.0266, 1.0266, 1.0266, 1.0266, 1.0266, 1.0266, 1.0266, 1.0266, 1.0266,
 1.0266, 1.0266, 1.0266, 1.0266, 1.0266, 1.0266, 1.0266, 1.0266, 1.0266, 1.0266, 1.0266, 1.0266,
 1.0266, 1.0266, 1.0266, 1.0266, 1.0266, 1.0266, 1.0266, 1.0266, 1.0266, 1.0266, 1.0266, 1.0266,
 1.0266, 1.0266, 1.0266, 1.0266, 1.0266, 1.0266, 1.0266, 1.0266, 1.0266, 1.0266, 1.0266, 1.0266]

Bypass Diode Voltages (V):
[ -3.6745,  -3.6745, -10.1727]

Bypass Diode Currents (A):
[-1.6e-09, -1.6e-09, -1.6e-09]

------------------------------------------------------------

--- Test 40 | Target Voltage: 17.9710 V ---
Total Panel Voltage : 17.9710 V
Total Panel Current : 1.0264 A
Total Power         : 18.4457 W

Cell Voltages (V):
[-5.6378,  0.6358,  0.6358,  0.6358,  0.6358,  0.6358,  0.6358,  0.6358,  0.6358,  0.6358,  0.6358,
  0.6358,  0.6358,  0.6358,  0.6358,  0.6358, -5.6378,  0.6358,  0.6358,  0.6358,  0.6358,  0.6358,
  0.6358,  0.6358,  0.6358,  0.6358,  0.6358,  0.6358,  0.6358,  0.6358,  0.6358,  0.6358,  0.6358,
  0.6358,  0.6358,  0.6358,  0.6358,  0.6358,  0.6358,  0.6358,  0.6358,  0.6358,  0.6358,  0.6358,
  0.6358,  0.6358,  0.6358,  0.6358]

Cell Currents (A):
[1.0264, 1.0264, 1.0264, 1.0264, 1.0264, 1.0264, 1.0264, 1.0264, 1.0264, 1.0264, 1.0264, 1.0264,
 1.0264, 1.0264, 1.0264, 1.0264, 1.0264, 1.0264, 1.0264, 1.0264, 1.0264, 1.0264, 1.0264, 1.0264,
 1.0264, 1.0264, 1.0264, 1.0264, 1.0264, 1.0264, 1.0264, 1.0264, 1.0264, 1.0264, 1.0264, 1.0264,
 1.0264, 1.0264, 1.0264, 1.0264, 1.0264, 1.0264, 1.0264, 1.0264, 1.0264, 1.0264, 1.0264, 1.0264]

Bypass Diode Voltages (V):
[ -3.8992,  -3.8992, -10.1727]

Bypass Diode Currents (A):
[-1.6e-09, -1.6e-09, -1.6e-09]

------------------------------------------------------------

--- Test 41 | Target Voltage: 18.4203 V ---
Total Panel Voltage : 18.4203 V
Total Panel Current : 1.0263 A
Total Power         : 18.9041 W

Cell Voltages (V):
[-5.4131,  0.6358,  0.6358,  0.6358,  0.6358,  0.6358,  0.6358,  0.6358,  0.6358,  0.6358,  0.6358,
  0.6358,  0.6358,  0.6358,  0.6358,  0.6358, -5.4131,  0.6358,  0.6358,  0.6358,  0.6358,  0.6358,
  0.6358,  0.6358,  0.6358,  0.6358,  0.6358,  0.6358,  0.6358,  0.6358,  0.6358,  0.6358,  0.6358,
  0.6358,  0.6358,  0.6358,  0.6358,  0.6358,  0.6358,  0.6358,  0.6358,  0.6358,  0.6358,  0.6358,
  0.6358,  0.6358,  0.6358,  0.6358]

Cell Currents (A):
[1.0263, 1.0263, 1.0263, 1.0263, 1.0263, 1.0263, 1.0263, 1.0263, 1.0263, 1.0263, 1.0263, 1.0263,
 1.0263, 1.0263, 1.0263, 1.0263, 1.0263, 1.0263, 1.0263, 1.0263, 1.0263, 1.0263, 1.0263, 1.0263,
 1.0263, 1.0263, 1.0263, 1.0263, 1.0263, 1.0263, 1.0263, 1.0263, 1.0263, 1.0263, 1.0263, 1.0263,
 1.0263, 1.0263, 1.0263, 1.0263, 1.0263, 1.0263, 1.0263, 1.0263, 1.0263, 1.0263, 1.0263, 1.0263]

Bypass Diode Voltages (V):
[ -4.1238,  -4.1238, -10.1727]

Bypass Diode Currents (A):
[-1.6e-09, -1.6e-09, -1.6e-09]

------------------------------------------------------------

--- Test 42 | Target Voltage: 18.8696 V ---
Total Panel Voltage : 18.8696 V
Total Panel Current : 1.0261 A
Total Power         : 19.3624 W

Cell Voltages (V):
[-5.1885,  0.6358,  0.6358,  0.6358,  0.6358,  0.6358,  0.6358,  0.6358,  0.6358,  0.6358,  0.6358,
  0.6358,  0.6358,  0.6358,  0.6358,  0.6358, -5.1885,  0.6358,  0.6358,  0.6358,  0.6358,  0.6358,
  0.6358,  0.6358,  0.6358,  0.6358,  0.6358,  0.6358,  0.6358,  0.6358,  0.6358,  0.6358,  0.6358,
  0.6358,  0.6358,  0.6358,  0.6358,  0.6358,  0.6358,  0.6358,  0.6358,  0.6358,  0.6358,  0.6358,
  0.6358,  0.6358,  0.6358,  0.6358]

Cell Currents (A):
[1.0261, 1.0261, 1.0261, 1.0261, 1.0261, 1.0261, 1.0261, 1.0261, 1.0261, 1.0261, 1.0261, 1.0261,
 1.0261, 1.0261, 1.0261, 1.0261, 1.0261, 1.0261, 1.0261, 1.0261, 1.0261, 1.0261, 1.0261, 1.0261,
 1.0261, 1.0261, 1.0261, 1.0261, 1.0261, 1.0261, 1.0261, 1.0261, 1.0261, 1.0261, 1.0261, 1.0261,
 1.0261, 1.0261, 1.0261, 1.0261, 1.0261, 1.0261, 1.0261, 1.0261, 1.0261, 1.0261, 1.0261, 1.0261]

Bypass Diode Voltages (V):
[ -4.3484,  -4.3484, -10.1727]

Bypass Diode Currents (A):
[-1.6e-09, -1.6e-09, -1.6e-09]

------------------------------------------------------------

--- Test 43 | Target Voltage: 19.3188 V ---
Total Panel Voltage : 19.3188 V
Total Panel Current : 1.0260 A
Total Power         : 19.8205 W

Cell Voltages (V):
[-4.9639,  0.6358,  0.6358,  0.6358,  0.6358,  0.6358,  0.6358,  0.6358,  0.6358,  0.6358,  0.6358,
  0.6358,  0.6358,  0.6358,  0.6358,  0.6358, -4.9639,  0.6358,  0.6358,  0.6358,  0.6358,  0.6358,
  0.6358,  0.6358,  0.6358,  0.6358,  0.6358,  0.6358,  0.6358,  0.6358,  0.6358,  0.6358,  0.6358,
  0.6358,  0.6358,  0.6358,  0.6358,  0.6358,  0.6358,  0.6358,  0.6358,  0.6358,  0.6358,  0.6358,
  0.6358,  0.6358,  0.6358,  0.6358]

Cell Currents (A):
[1.026, 1.026, 1.026, 1.026, 1.026, 1.026, 1.026, 1.026, 1.026, 1.026, 1.026, 1.026, 1.026, 1.026,
 1.026, 1.026, 1.026, 1.026, 1.026, 1.026, 1.026, 1.026, 1.026, 1.026, 1.026, 1.026, 1.026, 1.026,
 1.026, 1.026, 1.026, 1.026, 1.026, 1.026, 1.026, 1.026, 1.026, 1.026, 1.026, 1.026, 1.026, 1.026,
 1.026, 1.026, 1.026, 1.026, 1.026, 1.026]

Bypass Diode Voltages (V):
[ -4.573 ,  -4.573 , -10.1728]

Bypass Diode Currents (A):
[-1.6e-09, -1.6e-09, -1.6e-09]

------------------------------------------------------------

--- Test 44 | Target Voltage: 19.7681 V ---
Total Panel Voltage : 19.7681 V
Total Panel Current : 1.0258 A
Total Power         : 20.2786 W

Cell Voltages (V):
[-4.7393,  0.6358,  0.6358,  0.6358,  0.6358,  0.6358,  0.6358,  0.6358,  0.6358,  0.6358,  0.6358,
  0.6358,  0.6358,  0.6358,  0.6358,  0.6358, -4.7393,  0.6358,  0.6358,  0.6358,  0.6358,  0.6358,
  0.6358,  0.6358,  0.6358,  0.6358,  0.6358,  0.6358,  0.6358,  0.6358,  0.6358,  0.6358,  0.6358,
  0.6358,  0.6358,  0.6358,  0.6358,  0.6358,  0.6358,  0.6358,  0.6358,  0.6358,  0.6358,  0.6358,
  0.6358,  0.6358,  0.6358,  0.6358]

Cell Currents (A):
[1.0258, 1.0258, 1.0258, 1.0258, 1.0258, 1.0258, 1.0258, 1.0258, 1.0258, 1.0258, 1.0258, 1.0258,
 1.0258, 1.0258, 1.0258, 1.0258, 1.0258, 1.0258, 1.0258, 1.0258, 1.0258, 1.0258, 1.0258, 1.0258,
 1.0258, 1.0258, 1.0258, 1.0258, 1.0258, 1.0258, 1.0258, 1.0258, 1.0258, 1.0258, 1.0258, 1.0258,
 1.0258, 1.0258, 1.0258, 1.0258, 1.0258, 1.0258, 1.0258, 1.0258, 1.0258, 1.0258, 1.0258, 1.0258]

Bypass Diode Voltages (V):
[ -4.7977,  -4.7977, -10.1728]

Bypass Diode Currents (A):
[-1.6e-09, -1.6e-09, -1.6e-09]

------------------------------------------------------------

--- Test 45 | Target Voltage: 20.2174 V ---
Total Panel Voltage : 20.2174 V
Total Panel Current : 1.0257 A
Total Power         : 20.7364 W

Cell Voltages (V):
[-4.5147,  0.6358,  0.6358,  0.6358,  0.6358,  0.6358,  0.6358,  0.6358,  0.6358,  0.6358,  0.6358,
  0.6358,  0.6358,  0.6358,  0.6358,  0.6358, -4.5147,  0.6358,  0.6358,  0.6358,  0.6358,  0.6358,
  0.6358,  0.6358,  0.6358,  0.6358,  0.6358,  0.6358,  0.6358,  0.6358,  0.6358,  0.6358,  0.6358,
  0.6358,  0.6358,  0.6358,  0.6358,  0.6358,  0.6358,  0.6358,  0.6358,  0.6358,  0.6358,  0.6358,
  0.6358,  0.6358,  0.6358,  0.6358]

Cell Currents (A):
[1.0257, 1.0257, 1.0257, 1.0257, 1.0257, 1.0257, 1.0257, 1.0257, 1.0257, 1.0257, 1.0257, 1.0257,
 1.0257, 1.0257, 1.0257, 1.0257, 1.0257, 1.0257, 1.0257, 1.0257, 1.0257, 1.0257, 1.0257, 1.0257,
 1.0257, 1.0257, 1.0257, 1.0257, 1.0257, 1.0257, 1.0257, 1.0257, 1.0257, 1.0257, 1.0257, 1.0257,
 1.0257, 1.0257, 1.0257, 1.0257, 1.0257, 1.0257, 1.0257, 1.0257, 1.0257, 1.0257, 1.0257, 1.0257]

Bypass Diode Voltages (V):
[ -5.0223,  -5.0223, -10.1728]

Bypass Diode Currents (A):
[-1.6e-09, -1.6e-09, -1.6e-09]

------------------------------------------------------------

--- Test 46 | Target Voltage: 20.6667 V ---
Total Panel Voltage : 20.6667 V
Total Panel Current : 1.0255 A
Total Power         : 21.1942 W

Cell Voltages (V):
[-4.2901,  0.6358,  0.6358,  0.6358,  0.6358,  0.6358,  0.6358,  0.6358,  0.6358,  0.6358,  0.6358,
  0.6358,  0.6358,  0.6358,  0.6358,  0.6358, -4.2901,  0.6358,  0.6358,  0.6358,  0.6358,  0.6358,
  0.6358,  0.6358,  0.6358,  0.6358,  0.6358,  0.6358,  0.6358,  0.6358,  0.6358,  0.6358,  0.6358,
  0.6358,  0.6358,  0.6358,  0.6358,  0.6358,  0.6358,  0.6358,  0.6358,  0.6358,  0.6358,  0.6358,
  0.6358,  0.6358,  0.6358,  0.6358]

Cell Currents (A):
[1.0255, 1.0255, 1.0255, 1.0255, 1.0255, 1.0255, 1.0255, 1.0255, 1.0255, 1.0255, 1.0255, 1.0255,
 1.0255, 1.0255, 1.0255, 1.0255, 1.0255, 1.0255, 1.0255, 1.0255, 1.0255, 1.0255, 1.0255, 1.0255,
 1.0255, 1.0255, 1.0255, 1.0255, 1.0255, 1.0255, 1.0255, 1.0255, 1.0255, 1.0255, 1.0255, 1.0255,
 1.0255, 1.0255, 1.0255, 1.0255, 1.0255, 1.0255, 1.0255, 1.0255, 1.0255, 1.0255, 1.0255, 1.0255]

Bypass Diode Voltages (V):
[ -5.2469,  -5.2469, -10.1728]

Bypass Diode Currents (A):
[-1.6e-09, -1.6e-09, -1.6e-09]

------------------------------------------------------------

--- Test 47 | Target Voltage: 21.1159 V ---
Total Panel Voltage : 21.1159 V
Total Panel Current : 1.0254 A
Total Power         : 21.6518 W

Cell Voltages (V):
[-4.0655,  0.6358,  0.6358,  0.6358,  0.6358,  0.6358,  0.6358,  0.6358,  0.6358,  0.6358,  0.6358,
  0.6358,  0.6358,  0.6358,  0.6358,  0.6358, -4.0655,  0.6358,  0.6358,  0.6358,  0.6358,  0.6358,
  0.6358,  0.6358,  0.6358,  0.6358,  0.6358,  0.6358,  0.6358,  0.6358,  0.6358,  0.6358,  0.6358,
  0.6358,  0.6358,  0.6358,  0.6358,  0.6358,  0.6358,  0.6358,  0.6358,  0.6358,  0.6358,  0.6358,
  0.6358,  0.6358,  0.6358,  0.6358]

Cell Currents (A):
[1.0254, 1.0254, 1.0254, 1.0254, 1.0254, 1.0254, 1.0254, 1.0254, 1.0254, 1.0254, 1.0254, 1.0254,
 1.0254, 1.0254, 1.0254, 1.0254, 1.0254, 1.0254, 1.0254, 1.0254, 1.0254, 1.0254, 1.0254, 1.0254,
 1.0254, 1.0254, 1.0254, 1.0254, 1.0254, 1.0254, 1.0254, 1.0254, 1.0254, 1.0254, 1.0254, 1.0254,
 1.0254, 1.0254, 1.0254, 1.0254, 1.0254, 1.0254, 1.0254, 1.0254, 1.0254, 1.0254, 1.0254, 1.0254]

Bypass Diode Voltages (V):
[ -5.4716,  -5.4716, -10.1728]

Bypass Diode Currents (A):
[-1.6e-09, -1.6e-09, -1.6e-09]

------------------------------------------------------------

--- Test 48 | Target Voltage: 21.5652 V ---
Total Panel Voltage : 21.5652 V
Total Panel Current : 1.0252 A
Total Power         : 22.1092 W

Cell Voltages (V):
[-3.8409,  0.6358,  0.6358,  0.6358,  0.6358,  0.6358,  0.6358,  0.6358,  0.6358,  0.6358,  0.6358,
  0.6358,  0.6358,  0.6358,  0.6358,  0.6358, -3.8409,  0.6358,  0.6358,  0.6358,  0.6358,  0.6358,
  0.6358,  0.6358,  0.6358,  0.6358,  0.6358,  0.6358,  0.6358,  0.6358,  0.6358,  0.6358,  0.6358,
  0.6358,  0.6358,  0.6358,  0.6358,  0.6358,  0.6358,  0.6358,  0.6358,  0.6358,  0.6358,  0.6358,
  0.6358,  0.6358,  0.6358,  0.6358]

Cell Currents (A):
[1.0252, 1.0252, 1.0252, 1.0252, 1.0252, 1.0252, 1.0252, 1.0252, 1.0252, 1.0252, 1.0252, 1.0252,
 1.0252, 1.0252, 1.0252, 1.0252, 1.0252, 1.0252, 1.0252, 1.0252, 1.0252, 1.0252, 1.0252, 1.0252,
 1.0252, 1.0252, 1.0252, 1.0252, 1.0252, 1.0252, 1.0252, 1.0252, 1.0252, 1.0252, 1.0252, 1.0252,
 1.0252, 1.0252, 1.0252, 1.0252, 1.0252, 1.0252, 1.0252, 1.0252, 1.0252, 1.0252, 1.0252, 1.0252]

Bypass Diode Voltages (V):
[ -5.6962,  -5.6962, -10.1729]

Bypass Diode Currents (A):
[-1.6e-09, -1.6e-09, -1.6e-09]

------------------------------------------------------------

--- Test 49 | Target Voltage: 22.0145 V ---
Total Panel Voltage : 22.0145 V
Total Panel Current : 1.0251 A
Total Power         : 22.5666 W

Cell Voltages (V):
[-3.6163,  0.6358,  0.6358,  0.6358,  0.6358,  0.6358,  0.6358,  0.6358,  0.6358,  0.6358,  0.6358,
  0.6358,  0.6358,  0.6358,  0.6358,  0.6358, -3.6163,  0.6358,  0.6358,  0.6358,  0.6358,  0.6358,
  0.6358,  0.6358,  0.6358,  0.6358,  0.6358,  0.6358,  0.6358,  0.6358,  0.6358,  0.6358,  0.6358,
  0.6358,  0.6358,  0.6358,  0.6358,  0.6358,  0.6358,  0.6358,  0.6358,  0.6358,  0.6358,  0.6358,
  0.6358,  0.6358,  0.6358,  0.6358]

Cell Currents (A):
[1.0251, 1.0251, 1.0251, 1.0251, 1.0251, 1.0251, 1.0251, 1.0251, 1.0251, 1.0251, 1.0251, 1.0251,
 1.0251, 1.0251, 1.0251, 1.0251, 1.0251, 1.0251, 1.0251, 1.0251, 1.0251, 1.0251, 1.0251, 1.0251,
 1.0251, 1.0251, 1.0251, 1.0251, 1.0251, 1.0251, 1.0251, 1.0251, 1.0251, 1.0251, 1.0251, 1.0251,
 1.0251, 1.0251, 1.0251, 1.0251, 1.0251, 1.0251, 1.0251, 1.0251, 1.0251, 1.0251, 1.0251, 1.0251]

Bypass Diode Voltages (V):
[ -5.9208,  -5.9208, -10.1729]

Bypass Diode Currents (A):
[-1.6e-09, -1.6e-09, -1.6e-09]

------------------------------------------------------------

--- Test 50 | Target Voltage: 22.4638 V ---
Total Panel Voltage : 22.4638 V
Total Panel Current : 1.0249 A
Total Power         : 23.0238 W

Cell Voltages (V):
[-3.3917,  0.6358,  0.6358,  0.6358,  0.6358,  0.6358,  0.6358,  0.6358,  0.6358,  0.6358,  0.6358,
  0.6358,  0.6358,  0.6358,  0.6358,  0.6358, -3.3917,  0.6358,  0.6358,  0.6358,  0.6358,  0.6358,
  0.6358,  0.6358,  0.6358,  0.6358,  0.6358,  0.6358,  0.6358,  0.6358,  0.6358,  0.6358,  0.6358,
  0.6358,  0.6358,  0.6358,  0.6358,  0.6358,  0.6358,  0.6358,  0.6358,  0.6358,  0.6358,  0.6358,
  0.6358,  0.6358,  0.6358,  0.6358]

Cell Currents (A):
[1.0249, 1.0249, 1.0249, 1.0249, 1.0249, 1.0249, 1.0249, 1.0249, 1.0249, 1.0249, 1.0249, 1.0249,
 1.0249, 1.0249, 1.0249, 1.0249, 1.0249, 1.0249, 1.0249, 1.0249, 1.0249, 1.0249, 1.0249, 1.0249,
 1.0249, 1.0249, 1.0249, 1.0249, 1.0249, 1.0249, 1.0249, 1.0249, 1.0249, 1.0249, 1.0249, 1.0249,
 1.0249, 1.0249, 1.0249, 1.0249, 1.0249, 1.0249, 1.0249, 1.0249, 1.0249, 1.0249, 1.0249, 1.0249]

Bypass Diode Voltages (V):
[ -6.1454,  -6.1454, -10.1729]

Bypass Diode Currents (A):
[-1.6e-09, -1.6e-09, -1.6e-09]

------------------------------------------------------------

--- Test 51 | Target Voltage: 22.9130 V ---
Total Panel Voltage : 22.9130 V
Total Panel Current : 1.0248 A
Total Power         : 23.4809 W

Cell Voltages (V):
[-3.167 ,  0.6358,  0.6358,  0.6358,  0.6358,  0.6358,  0.6358,  0.6358,  0.6358,  0.6358,  0.6358,
  0.6358,  0.6358,  0.6358,  0.6358,  0.6358, -3.167 ,  0.6358,  0.6358,  0.6358,  0.6358,  0.6358,
  0.6358,  0.6358,  0.6358,  0.6358,  0.6358,  0.6358,  0.6358,  0.6358,  0.6358,  0.6358,  0.6358,
  0.6358,  0.6358,  0.6358,  0.6358,  0.6358,  0.6358,  0.6358,  0.6358,  0.6358,  0.6358,  0.6358,
  0.6358,  0.6358,  0.6358,  0.6358]

Cell Currents (A):
[1.0248, 1.0248, 1.0248, 1.0248, 1.0248, 1.0248, 1.0248, 1.0248, 1.0248, 1.0248, 1.0248, 1.0248,
 1.0248, 1.0248, 1.0248, 1.0248, 1.0248, 1.0248, 1.0248, 1.0248, 1.0248, 1.0248, 1.0248, 1.0248,
 1.0248, 1.0248, 1.0248, 1.0248, 1.0248, 1.0248, 1.0248, 1.0248, 1.0248, 1.0248, 1.0248, 1.0248,
 1.0248, 1.0248, 1.0248, 1.0248, 1.0248, 1.0248, 1.0248, 1.0248, 1.0248, 1.0248, 1.0248, 1.0248]

Bypass Diode Voltages (V):
[ -6.3701,  -6.3701, -10.1729]

Bypass Diode Currents (A):
[-1.6e-09, -1.6e-09, -1.6e-09]

------------------------------------------------------------

--- Test 52 | Target Voltage: 23.3623 V ---
Total Panel Voltage : 23.3623 V
Total Panel Current : 1.0246 A
Total Power         : 23.9378 W

Cell Voltages (V):
[-2.9424,  0.6358,  0.6358,  0.6358,  0.6358,  0.6358,  0.6358,  0.6358,  0.6358,  0.6358,  0.6358,
  0.6358,  0.6358,  0.6358,  0.6358,  0.6358, -2.9424,  0.6358,  0.6358,  0.6358,  0.6358,  0.6358,
  0.6358,  0.6358,  0.6358,  0.6358,  0.6358,  0.6358,  0.6358,  0.6358,  0.6358,  0.6358,  0.6358,
  0.6358,  0.6358,  0.6358,  0.6358,  0.6358,  0.6358,  0.6358,  0.6358,  0.6358,  0.6358,  0.6358,
  0.6358,  0.6358,  0.6358,  0.6358]

Cell Currents (A):
[1.0246, 1.0246, 1.0246, 1.0246, 1.0246, 1.0246, 1.0246, 1.0246, 1.0246, 1.0246, 1.0246, 1.0246,
 1.0246, 1.0246, 1.0246, 1.0246, 1.0246, 1.0246, 1.0246, 1.0246, 1.0246, 1.0246, 1.0246, 1.0246,
 1.0246, 1.0246, 1.0246, 1.0246, 1.0246, 1.0246, 1.0246, 1.0246, 1.0246, 1.0246, 1.0246, 1.0246,
 1.0246, 1.0246, 1.0246, 1.0246, 1.0246, 1.0246, 1.0246, 1.0246, 1.0246, 1.0246, 1.0246, 1.0246]

Bypass Diode Voltages (V):
[ -6.5947,  -6.5947, -10.1729]

Bypass Diode Currents (A):
[-1.6e-09, -1.6e-09, -1.6e-09]

------------------------------------------------------------

--- Test 53 | Target Voltage: 23.8116 V ---
Total Panel Voltage : 23.8116 V
Total Panel Current : 1.0245 A
Total Power         : 24.3946 W

Cell Voltages (V):
[-2.7178,  0.6358,  0.6358,  0.6358,  0.6358,  0.6358,  0.6358,  0.6358,  0.6358,  0.6358,  0.6358,
  0.6358,  0.6358,  0.6358,  0.6358,  0.6358, -2.7178,  0.6358,  0.6358,  0.6358,  0.6358,  0.6358,
  0.6358,  0.6358,  0.6358,  0.6358,  0.6358,  0.6358,  0.6358,  0.6358,  0.6358,  0.6358,  0.6358,
  0.6358,  0.6358,  0.6358,  0.6358,  0.6358,  0.6358,  0.6358,  0.6358,  0.6358,  0.6358,  0.6358,
  0.6358,  0.6358,  0.6358,  0.6358]

Cell Currents (A):
[1.0245, 1.0245, 1.0245, 1.0245, 1.0245, 1.0245, 1.0245, 1.0245, 1.0245, 1.0245, 1.0245, 1.0245,
 1.0245, 1.0245, 1.0245, 1.0245, 1.0245, 1.0245, 1.0245, 1.0245, 1.0245, 1.0245, 1.0245, 1.0245,
 1.0245, 1.0245, 1.0245, 1.0245, 1.0245, 1.0245, 1.0245, 1.0245, 1.0245, 1.0245, 1.0245, 1.0245,
 1.0245, 1.0245, 1.0245, 1.0245, 1.0245, 1.0245, 1.0245, 1.0245, 1.0245, 1.0245, 1.0245, 1.0245]

Bypass Diode Voltages (V):
[ -6.8193,  -6.8193, -10.173 ]

Bypass Diode Currents (A):
[-1.6e-09, -1.6e-09, -1.6e-09]

------------------------------------------------------------

--- Test 54 | Target Voltage: 24.2609 V ---
Total Panel Voltage : 24.2609 V
Total Panel Current : 1.0243 A
Total Power         : 24.8513 W

Cell Voltages (V):
[-2.4932,  0.6358,  0.6358,  0.6358,  0.6358,  0.6358,  0.6358,  0.6358,  0.6358,  0.6358,  0.6358,
  0.6358,  0.6358,  0.6358,  0.6358,  0.6358, -2.4932,  0.6358,  0.6358,  0.6358,  0.6358,  0.6358,
  0.6358,  0.6358,  0.6358,  0.6358,  0.6358,  0.6358,  0.6358,  0.6358,  0.6358,  0.6358,  0.6358,
  0.6358,  0.6358,  0.6358,  0.6358,  0.6358,  0.6358,  0.6358,  0.6358,  0.6358,  0.6358,  0.6358,
  0.6358,  0.6358,  0.6358,  0.6358]

Cell Currents (A):
[1.0243, 1.0243, 1.0243, 1.0243, 1.0243, 1.0243, 1.0243, 1.0243, 1.0243, 1.0243, 1.0243, 1.0243,
 1.0243, 1.0243, 1.0243, 1.0243, 1.0243, 1.0243, 1.0243, 1.0243, 1.0243, 1.0243, 1.0243, 1.0243,
 1.0243, 1.0243, 1.0243, 1.0243, 1.0243, 1.0243, 1.0243, 1.0243, 1.0243, 1.0243, 1.0243, 1.0243,
 1.0243, 1.0243, 1.0243, 1.0243, 1.0243, 1.0243, 1.0243, 1.0243, 1.0243, 1.0243, 1.0243, 1.0243]

Bypass Diode Voltages (V):
[ -7.0439,  -7.0439, -10.173 ]

Bypass Diode Currents (A):
[-1.6e-09, -1.6e-09, -1.6e-09]

------------------------------------------------------------

--- Test 55 | Target Voltage: 24.7101 V ---
Total Panel Voltage : 24.7101 V
Total Panel Current : 1.0242 A
Total Power         : 25.3078 W

Cell Voltages (V):
[-2.2686,  0.6358,  0.6358,  0.6358,  0.6358,  0.6358,  0.6358,  0.6358,  0.6358,  0.6358,  0.6358,
  0.6358,  0.6358,  0.6358,  0.6358,  0.6358, -2.2686,  0.6358,  0.6358,  0.6358,  0.6358,  0.6358,
  0.6358,  0.6358,  0.6358,  0.6358,  0.6358,  0.6358,  0.6358,  0.6358,  0.6358,  0.6358,  0.6358,
  0.6358,  0.6358,  0.6358,  0.6358,  0.6358,  0.6358,  0.6358,  0.6358,  0.6358,  0.6358,  0.6358,
  0.6358,  0.6358,  0.6358,  0.6358]

Cell Currents (A):
[1.0242, 1.0242, 1.0242, 1.0242, 1.0242, 1.0242, 1.0242, 1.0242, 1.0242, 1.0242, 1.0242, 1.0242,
 1.0242, 1.0242, 1.0242, 1.0242, 1.0242, 1.0242, 1.0242, 1.0242, 1.0242, 1.0242, 1.0242, 1.0242,
 1.0242, 1.0242, 1.0242, 1.0242, 1.0242, 1.0242, 1.0242, 1.0242, 1.0242, 1.0242, 1.0242, 1.0242,
 1.0242, 1.0242, 1.0242, 1.0242, 1.0242, 1.0242, 1.0242, 1.0242, 1.0242, 1.0242, 1.0242, 1.0242]

Bypass Diode Voltages (V):
[ -7.2686,  -7.2686, -10.173 ]

Bypass Diode Currents (A):
[-1.6e-09, -1.6e-09, -1.6e-09]

------------------------------------------------------------

--- Test 56 | Target Voltage: 25.1594 V ---
Total Panel Voltage : 25.1594 V
Total Panel Current : 1.0240 A
Total Power         : 25.7642 W

Cell Voltages (V):
[-2.044 ,  0.6358,  0.6358,  0.6358,  0.6358,  0.6358,  0.6358,  0.6358,  0.6358,  0.6358,  0.6358,
  0.6358,  0.6358,  0.6358,  0.6358,  0.6358, -2.044 ,  0.6358,  0.6358,  0.6358,  0.6358,  0.6358,
  0.6358,  0.6358,  0.6358,  0.6358,  0.6358,  0.6358,  0.6358,  0.6358,  0.6358,  0.6358,  0.6358,
  0.6358,  0.6358,  0.6358,  0.6358,  0.6358,  0.6358,  0.6358,  0.6358,  0.6358,  0.6358,  0.6358,
  0.6358,  0.6358,  0.6358,  0.6358]

Cell Currents (A):
[1.024, 1.024, 1.024, 1.024, 1.024, 1.024, 1.024, 1.024, 1.024, 1.024, 1.024, 1.024, 1.024, 1.024,
 1.024, 1.024, 1.024, 1.024, 1.024, 1.024, 1.024, 1.024, 1.024, 1.024, 1.024, 1.024, 1.024, 1.024,
 1.024, 1.024, 1.024, 1.024, 1.024, 1.024, 1.024, 1.024, 1.024, 1.024, 1.024, 1.024, 1.024, 1.024,
 1.024, 1.024, 1.024, 1.024, 1.024, 1.024]

Bypass Diode Voltages (V):
[ -7.4932,  -7.4932, -10.173 ]

Bypass Diode Currents (A):
[-1.6e-09, -1.6e-09, -1.6e-09]

------------------------------------------------------------

--- Test 57 | Target Voltage: 25.6087 V ---
Total Panel Voltage : 25.6087 V
Total Panel Current : 1.0239 A
Total Power         : 26.2205 W

Cell Voltages (V):
[-1.8194,  0.6358,  0.6358,  0.6358,  0.6358,  0.6358,  0.6358,  0.6358,  0.6358,  0.6358,  0.6358,
  0.6358,  0.6358,  0.6358,  0.6358,  0.6358, -1.8194,  0.6358,  0.6358,  0.6358,  0.6358,  0.6358,
  0.6358,  0.6358,  0.6358,  0.6358,  0.6358,  0.6358,  0.6358,  0.6358,  0.6358,  0.6358,  0.6358,
  0.6358,  0.6358,  0.6358,  0.6358,  0.6358,  0.6358,  0.6358,  0.6358,  0.6358,  0.6358,  0.6358,
  0.6358,  0.6358,  0.6358,  0.6358]

Cell Currents (A):
[1.0239, 1.0239, 1.0239, 1.0239, 1.0239, 1.0239, 1.0239, 1.0239, 1.0239, 1.0239, 1.0239, 1.0239,
 1.0239, 1.0239, 1.0239, 1.0239, 1.0239, 1.0239, 1.0239, 1.0239, 1.0239, 1.0239, 1.0239, 1.0239,
 1.0239, 1.0239, 1.0239, 1.0239, 1.0239, 1.0239, 1.0239, 1.0239, 1.0239, 1.0239, 1.0239, 1.0239,
 1.0239, 1.0239, 1.0239, 1.0239, 1.0239, 1.0239, 1.0239, 1.0239, 1.0239, 1.0239, 1.0239, 1.0239]

Bypass Diode Voltages (V):
[ -7.7178,  -7.7178, -10.173 ]

Bypass Diode Currents (A):
[-1.6e-09, -1.6e-09, -1.6e-09]

------------------------------------------------------------

--- Test 58 | Target Voltage: 26.0580 V ---
Total Panel Voltage : 26.0580 V
Total Panel Current : 1.0237 A
Total Power         : 26.6767 W

Cell Voltages (V):
[-1.5948,  0.6358,  0.6358,  0.6358,  0.6358,  0.6358,  0.6358,  0.6358,  0.6358,  0.6358,  0.6358,
  0.6358,  0.6358,  0.6358,  0.6358,  0.6358, -1.5948,  0.6358,  0.6358,  0.6358,  0.6358,  0.6358,
  0.6358,  0.6358,  0.6358,  0.6358,  0.6358,  0.6358,  0.6358,  0.6358,  0.6358,  0.6358,  0.6358,
  0.6358,  0.6358,  0.6358,  0.6358,  0.6358,  0.6358,  0.6358,  0.6358,  0.6358,  0.6358,  0.6358,
  0.6358,  0.6358,  0.6358,  0.6358]

Cell Currents (A):
[1.0237, 1.0237, 1.0237, 1.0237, 1.0237, 1.0237, 1.0237, 1.0237, 1.0237, 1.0237, 1.0237, 1.0237,
 1.0237, 1.0237, 1.0237, 1.0237, 1.0237, 1.0237, 1.0237, 1.0237, 1.0237, 1.0237, 1.0237, 1.0237,
 1.0237, 1.0237, 1.0237, 1.0237, 1.0237, 1.0237, 1.0237, 1.0237, 1.0237, 1.0237, 1.0237, 1.0237,
 1.0237, 1.0237, 1.0237, 1.0237, 1.0237, 1.0237, 1.0237, 1.0237, 1.0237, 1.0237, 1.0237, 1.0237]

Bypass Diode Voltages (V):
[ -7.9425,  -7.9425, -10.173 ]

Bypass Diode Currents (A):
[-1.6e-09, -1.6e-09, -1.6e-09]

------------------------------------------------------------

--- Test 59 | Target Voltage: 26.5072 V ---
Total Panel Voltage : 26.5072 V
Total Panel Current : 1.0236 A
Total Power         : 27.1327 W

Cell Voltages (V):
[-1.3702,  0.6358,  0.6358,  0.6358,  0.6358,  0.6358,  0.6358,  0.6358,  0.6358,  0.6358,  0.6358,
  0.6358,  0.6358,  0.6358,  0.6358,  0.6358, -1.3702,  0.6358,  0.6358,  0.6358,  0.6358,  0.6358,
  0.6358,  0.6358,  0.6358,  0.6358,  0.6358,  0.6358,  0.6358,  0.6358,  0.6358,  0.6358,  0.6358,
  0.6358,  0.6358,  0.6358,  0.6358,  0.6358,  0.6358,  0.6358,  0.6358,  0.6358,  0.6358,  0.6358,
  0.6358,  0.6358,  0.6358,  0.6358]

Cell Currents (A):
[1.0236, 1.0236, 1.0236, 1.0236, 1.0236, 1.0236, 1.0236, 1.0236, 1.0236, 1.0236, 1.0236, 1.0236,
 1.0236, 1.0236, 1.0236, 1.0236, 1.0236, 1.0236, 1.0236, 1.0236, 1.0236, 1.0236, 1.0236, 1.0236,
 1.0236, 1.0236, 1.0236, 1.0236, 1.0236, 1.0236, 1.0236, 1.0236, 1.0236, 1.0236, 1.0236, 1.0236,
 1.0236, 1.0236, 1.0236, 1.0236, 1.0236, 1.0236, 1.0236, 1.0236, 1.0236, 1.0236, 1.0236, 1.0236]

Bypass Diode Voltages (V):
[ -8.1671,  -8.1671, -10.1731]

Bypass Diode Currents (A):
[-1.6e-09, -1.6e-09, -1.6e-09]

------------------------------------------------------------

--- Test 60 | Target Voltage: 26.9565 V ---
Total Panel Voltage : 26.9565 V
Total Panel Current : 1.0234 A
Total Power         : 27.5885 W

Cell Voltages (V):
[-1.1455,  0.6358,  0.6358,  0.6358,  0.6358,  0.6358,  0.6358,  0.6358,  0.6358,  0.6358,  0.6358,
  0.6358,  0.6358,  0.6358,  0.6358,  0.6358, -1.1455,  0.6358,  0.6358,  0.6358,  0.6358,  0.6358,
  0.6358,  0.6358,  0.6358,  0.6358,  0.6358,  0.6358,  0.6358,  0.6358,  0.6358,  0.6358,  0.6358,
  0.6358,  0.6358,  0.6358,  0.6358,  0.6358,  0.6358,  0.6358,  0.6358,  0.6358,  0.6358,  0.6358,
  0.6358,  0.6358,  0.6358,  0.6358]

Cell Currents (A):
[1.0234, 1.0234, 1.0234, 1.0234, 1.0234, 1.0234, 1.0234, 1.0234, 1.0234, 1.0234, 1.0234, 1.0234,
 1.0234, 1.0234, 1.0234, 1.0234, 1.0234, 1.0234, 1.0234, 1.0234, 1.0234, 1.0234, 1.0234, 1.0234,
 1.0234, 1.0234, 1.0234, 1.0234, 1.0234, 1.0234, 1.0234, 1.0234, 1.0234, 1.0234, 1.0234, 1.0234,
 1.0234, 1.0234, 1.0234, 1.0234, 1.0234, 1.0234, 1.0234, 1.0234, 1.0234, 1.0234, 1.0234, 1.0234]

Bypass Diode Voltages (V):
[ -8.3917,  -8.3917, -10.1731]

Bypass Diode Currents (A):
[-1.6e-09, -1.6e-09, -1.6e-09]

------------------------------------------------------------

--- Test 61 | Target Voltage: 27.4058 V ---
Total Panel Voltage : 27.4058 V
Total Panel Current : 1.0233 A
Total Power         : 28.0443 W

Cell Voltages (V):
[-0.9209,  0.6358,  0.6358,  0.6358,  0.6358,  0.6358,  0.6358,  0.6358,  0.6358,  0.6358,  0.6358,
  0.6358,  0.6358,  0.6358,  0.6358,  0.6358, -0.9209,  0.6358,  0.6358,  0.6358,  0.6358,  0.6358,
  0.6358,  0.6358,  0.6358,  0.6358,  0.6358,  0.6358,  0.6358,  0.6358,  0.6358,  0.6358,  0.6358,
  0.6358,  0.6358,  0.6358,  0.6358,  0.6358,  0.6358,  0.6358,  0.6358,  0.6358,  0.6358,  0.6358,
  0.6358,  0.6358,  0.6358,  0.6358]

Cell Currents (A):
[1.0233, 1.0233, 1.0233, 1.0233, 1.0233, 1.0233, 1.0233, 1.0233, 1.0233, 1.0233, 1.0233, 1.0233,
 1.0233, 1.0233, 1.0233, 1.0233, 1.0233, 1.0233, 1.0233, 1.0233, 1.0233, 1.0233, 1.0233, 1.0233,
 1.0233, 1.0233, 1.0233, 1.0233, 1.0233, 1.0233, 1.0233, 1.0233, 1.0233, 1.0233, 1.0233, 1.0233,
 1.0233, 1.0233, 1.0233, 1.0233, 1.0233, 1.0233, 1.0233, 1.0233, 1.0233, 1.0233, 1.0233, 1.0233]

Bypass Diode Voltages (V):
[ -8.6163,  -8.6163, -10.1731]

Bypass Diode Currents (A):
[-1.6e-09, -1.6e-09, -1.6e-09]

------------------------------------------------------------

--- Test 62 | Target Voltage: 27.8551 V ---
Total Panel Voltage : 27.8551 V
Total Panel Current : 1.0231 A
Total Power         : 28.4999 W

Cell Voltages (V):
[-0.6963,  0.6358,  0.6358,  0.6358,  0.6358,  0.6358,  0.6358,  0.6358,  0.6358,  0.6358,  0.6358,
  0.6358,  0.6358,  0.6358,  0.6358,  0.6358, -0.6963,  0.6358,  0.6358,  0.6358,  0.6358,  0.6358,
  0.6358,  0.6358,  0.6358,  0.6358,  0.6358,  0.6358,  0.6358,  0.6358,  0.6358,  0.6358,  0.6358,
  0.6358,  0.6358,  0.6358,  0.6358,  0.6358,  0.6358,  0.6358,  0.6358,  0.6358,  0.6358,  0.6358,
  0.6358,  0.6358,  0.6358,  0.6358]

Cell Currents (A):
[1.0231, 1.0231, 1.0231, 1.0231, 1.0231, 1.0231, 1.0231, 1.0231, 1.0231, 1.0231, 1.0231, 1.0231,
 1.0231, 1.0231, 1.0231, 1.0231, 1.0231, 1.0231, 1.0231, 1.0231, 1.0231, 1.0231, 1.0231, 1.0231,
 1.0231, 1.0231, 1.0231, 1.0231, 1.0231, 1.0231, 1.0231, 1.0231, 1.0231, 1.0231, 1.0231, 1.0231,
 1.0231, 1.0231, 1.0231, 1.0231, 1.0231, 1.0231, 1.0231, 1.0231, 1.0231, 1.0231, 1.0231, 1.0231]

Bypass Diode Voltages (V):
[ -8.841 ,  -8.841 , -10.1731]

Bypass Diode Currents (A):
[-1.6e-09, -1.6e-09, -1.6e-09]

------------------------------------------------------------

--- Test 63 | Target Voltage: 28.3043 V ---
Total Panel Voltage : 28.3043 V
Total Panel Current : 1.0230 A
Total Power         : 28.9554 W

Cell Voltages (V):
[-0.4717,  0.6358,  0.6358,  0.6358,  0.6358,  0.6358,  0.6358,  0.6358,  0.6358,  0.6358,  0.6358,
  0.6358,  0.6358,  0.6358,  0.6358,  0.6358, -0.4717,  0.6358,  0.6358,  0.6358,  0.6358,  0.6358,
  0.6358,  0.6358,  0.6358,  0.6358,  0.6358,  0.6358,  0.6358,  0.6358,  0.6358,  0.6358,  0.6358,
  0.6358,  0.6358,  0.6358,  0.6358,  0.6358,  0.6358,  0.6358,  0.6358,  0.6358,  0.6358,  0.6358,
  0.6358,  0.6358,  0.6358,  0.6358]

Cell Currents (A):
[1.023, 1.023, 1.023, 1.023, 1.023, 1.023, 1.023, 1.023, 1.023, 1.023, 1.023, 1.023, 1.023, 1.023,
 1.023, 1.023, 1.023, 1.023, 1.023, 1.023, 1.023, 1.023, 1.023, 1.023, 1.023, 1.023, 1.023, 1.023,
 1.023, 1.023, 1.023, 1.023, 1.023, 1.023, 1.023, 1.023, 1.023, 1.023, 1.023, 1.023, 1.023, 1.023,
 1.023, 1.023, 1.023, 1.023, 1.023, 1.023]

Bypass Diode Voltages (V):
[ -9.0656,  -9.0656, -10.1731]

Bypass Diode Currents (A):
[-1.6e-09, -1.6e-09, -1.6e-09]

------------------------------------------------------------

--- Test 64 | Target Voltage: 28.7536 V ---
Total Panel Voltage : 28.7536 V
Total Panel Current : 1.0229 A
Total Power         : 29.4107 W

Cell Voltages (V):
[-0.2471,  0.6358,  0.6358,  0.6358,  0.6358,  0.6358,  0.6358,  0.6358,  0.6358,  0.6358,  0.6358,
  0.6358,  0.6358,  0.6358,  0.6358,  0.6358, -0.2471,  0.6358,  0.6358,  0.6358,  0.6358,  0.6358,
  0.6358,  0.6358,  0.6358,  0.6358,  0.6358,  0.6358,  0.6358,  0.6358,  0.6358,  0.6358,  0.6358,
  0.6358,  0.6358,  0.6358,  0.6358,  0.6358,  0.6358,  0.6358,  0.6358,  0.6358,  0.6358,  0.6358,
  0.6358,  0.6358,  0.6358,  0.6358]

Cell Currents (A):
[1.0229, 1.0229, 1.0229, 1.0229, 1.0229, 1.0229, 1.0229, 1.0229, 1.0229, 1.0229, 1.0229, 1.0229,
 1.0229, 1.0229, 1.0229, 1.0229, 1.0229, 1.0229, 1.0229, 1.0229, 1.0229, 1.0229, 1.0229, 1.0229,
 1.0229, 1.0229, 1.0229, 1.0229, 1.0229, 1.0229, 1.0229, 1.0229, 1.0229, 1.0229, 1.0229, 1.0229,
 1.0229, 1.0229, 1.0229, 1.0229, 1.0229, 1.0229, 1.0229, 1.0229, 1.0229, 1.0229, 1.0229, 1.0229]

Bypass Diode Voltages (V):
[ -9.2902,  -9.2902, -10.1732]

Bypass Diode Currents (A):
[-1.6e-09, -1.6e-09, -1.6e-09]

------------------------------------------------------------

--- Test 65 | Target Voltage: 29.2029 V ---
Total Panel Voltage : 29.2029 V
Total Panel Current : 1.0227 A
Total Power         : 29.8659 W

Cell Voltages (V):
[-0.0225,  0.6358,  0.6358,  0.6358,  0.6358,  0.6358,  0.6358,  0.6358,  0.6358,  0.6358,  0.6358,
  0.6358,  0.6358,  0.6358,  0.6358,  0.6358, -0.0225,  0.6358,  0.6358,  0.6358,  0.6358,  0.6358,
  0.6358,  0.6358,  0.6358,  0.6358,  0.6358,  0.6358,  0.6358,  0.6358,  0.6358,  0.6358,  0.6358,
  0.6358,  0.6358,  0.6358,  0.6358,  0.6358,  0.6358,  0.6358,  0.6358,  0.6358,  0.6358,  0.6358,
  0.6358,  0.6358,  0.6358,  0.6358]

Cell Currents (A):
[1.0227, 1.0227, 1.0227, 1.0227, 1.0227, 1.0227, 1.0227, 1.0227, 1.0227, 1.0227, 1.0227, 1.0227,
 1.0227, 1.0227, 1.0227, 1.0227, 1.0227, 1.0227, 1.0227, 1.0227, 1.0227, 1.0227, 1.0227, 1.0227,
 1.0227, 1.0227, 1.0227, 1.0227, 1.0227, 1.0227, 1.0227, 1.0227, 1.0227, 1.0227, 1.0227, 1.0227,
 1.0227, 1.0227, 1.0227, 1.0227, 1.0227, 1.0227, 1.0227, 1.0227, 1.0227, 1.0227, 1.0227, 1.0227]

Bypass Diode Voltages (V):
[ -9.5149,  -9.5149, -10.1732]

Bypass Diode Currents (A):
[-1.6015e-09, -1.6015e-09, -1.5970e-09]

------------------------------------------------------------

--- Test 66 | Target Voltage: 29.6522 V ---
Total Panel Voltage : 29.6522 V
Total Panel Current : 1.0226 A
Total Power         : 30.3209 W

Cell Voltages (V):
[0.2021, 0.6358, 0.6358, 0.6358, 0.6358, 0.6358, 0.6358, 0.6358, 0.6358, 0.6358, 0.6358, 0.6358,
 0.6358, 0.6358, 0.6358, 0.6358, 0.2021, 0.6358, 0.6358, 0.6358, 0.6358, 0.6358, 0.6358, 0.6358,
 0.6358, 0.6358, 0.6358, 0.6358, 0.6358, 0.6358, 0.6358, 0.6358, 0.6358, 0.6358, 0.6358, 0.6358,
 0.6358, 0.6358, 0.6358, 0.6358, 0.6358, 0.6358, 0.6358, 0.6358, 0.6358, 0.6358, 0.6358, 0.6358]

Cell Currents (A):
[1.0226, 1.0226, 1.0226, 1.0226, 1.0226, 1.0226, 1.0226, 1.0226, 1.0226, 1.0226, 1.0226, 1.0226,
 1.0226, 1.0226, 1.0226, 1.0226, 1.0226, 1.0226, 1.0226, 1.0226, 1.0226, 1.0226, 1.0226, 1.0226,
 1.0226, 1.0226, 1.0226, 1.0226, 1.0226, 1.0226, 1.0226, 1.0226, 1.0226, 1.0226, 1.0226, 1.0226,
 1.0226, 1.0226, 1.0226, 1.0226, 1.0226, 1.0226, 1.0226, 1.0226, 1.0226, 1.0226, 1.0226, 1.0226]

Bypass Diode Voltages (V):
[ -9.7395,  -9.7395, -10.1732]

Bypass Diode Currents (A):
[-1.6e-09, -1.6e-09, -1.6e-09]

------------------------------------------------------------

--- Test 67 | Target Voltage: 30.1014 V ---
Total Panel Voltage : 30.1014 V
Total Panel Current : 1.0186 A
Total Power         : 30.6604 W

Cell Voltages (V):
[0.426 , 0.6359, 0.6359, 0.6359, 0.6359, 0.6359, 0.6359, 0.6359, 0.6359, 0.6359, 0.6359, 0.6359,
 0.6359, 0.6359, 0.6359, 0.6359, 0.426 , 0.6359, 0.6359, 0.6359, 0.6359, 0.6359, 0.6359, 0.6359,
 0.6359, 0.6359, 0.6359, 0.6359, 0.6359, 0.6359, 0.6359, 0.6359, 0.6359, 0.6359, 0.6359, 0.6359,
 0.6359, 0.6359, 0.6359, 0.6359, 0.6359, 0.6359, 0.6359, 0.6359, 0.6359, 0.6359, 0.6359, 0.6359]

Cell Currents (A):
[1.0186, 1.0186, 1.0186, 1.0186, 1.0186, 1.0186, 1.0186, 1.0186, 1.0186, 1.0186, 1.0186, 1.0186,
 1.0186, 1.0186, 1.0186, 1.0186, 1.0186, 1.0186, 1.0186, 1.0186, 1.0186, 1.0186, 1.0186, 1.0186,
 1.0186, 1.0186, 1.0186, 1.0186, 1.0186, 1.0186, 1.0186, 1.0186, 1.0186, 1.0186, 1.0186, 1.0186,
 1.0186, 1.0186, 1.0186, 1.0186, 1.0186, 1.0186, 1.0186, 1.0186, 1.0186, 1.0186, 1.0186, 1.0186]

Bypass Diode Voltages (V):
[ -9.9639,  -9.9639, -10.1737]

Bypass Diode Currents (A):
[-1.6e-09, -1.6e-09, -1.6e-09]

------------------------------------------------------------

--- Test 68 | Target Voltage: 30.5507 V ---
Total Panel Voltage : 30.5507 V
Total Panel Current : 0.5160 A
Total Power         : 15.7655 W

Cell Voltages (V):
[0.5593, 0.6398, 0.6398, 0.6398, 0.6398, 0.6398, 0.6398, 0.6398, 0.6398, 0.6398, 0.6398, 0.6398,
 0.6398, 0.6398, 0.6398, 0.6398, 0.5593, 0.6398, 0.6398, 0.6398, 0.6398, 0.6398, 0.6398, 0.6398,
 0.6398, 0.6398, 0.6398, 0.6398, 0.6398, 0.6398, 0.6398, 0.6398, 0.6398, 0.6398, 0.6398, 0.6398,
 0.6398, 0.6398, 0.6398, 0.6398, 0.6398, 0.6398, 0.6398, 0.6398, 0.6398, 0.6398, 0.6398, 0.6398]

Cell Currents (A):
[0.516, 0.516, 0.516, 0.516, 0.516, 0.516, 0.516, 0.516, 0.516, 0.516, 0.516, 0.516, 0.516, 0.516,
 0.516, 0.516, 0.516, 0.516, 0.516, 0.516, 0.516, 0.516, 0.516, 0.516, 0.516, 0.516, 0.516, 0.516,
 0.516, 0.516, 0.516, 0.516, 0.516, 0.516, 0.516, 0.516, 0.516, 0.516, 0.516, 0.516, 0.516, 0.516,
 0.516, 0.516, 0.516, 0.516, 0.516, 0.516]

Bypass Diode Voltages (V):
[-10.1567, -10.1567, -10.2373]

Bypass Diode Currents (A):
[-1.6e-09, -1.6e-09, -1.6e-09]

------------------------------------------------------------

--- Test 69 | Target Voltage: 31.0000 V ---
Total Panel Voltage : 30.8014 V
Total Panel Current : 0.0000 A
Total Power         : 0.0000 W

Cell Voltages (V):
[0.589, 0.644, 0.644, 0.644, 0.644, 0.644, 0.644, 0.644, 0.644, 0.644, 0.644, 0.644, 0.644, 0.644,
 0.644, 0.644, 0.589, 0.644, 0.644, 0.644, 0.644, 0.644, 0.644, 0.644, 0.644, 0.644, 0.644, 0.644,
 0.644, 0.644, 0.644, 0.644, 0.644, 0.644, 0.644, 0.644, 0.644, 0.644, 0.644, 0.644, 0.644, 0.644,
 0.644, 0.644, 0.644, 0.644, 0.644, 0.644]

Cell Currents (A):
[1.8183e-11, 1.0237e-24, 3.4995e-17, 3.6943e-16, 4.8761e-16, 7.5708e-16, 5.3901e-15, 8.2045e-16,
 2.4918e-15, 5.4880e-15, 3.7782e-15, 1.2068e-15, 2.9607e-16, 3.7250e-16, 4.3811e-16, 2.7833e-16,
 1.8183e-11, 2.1418e-24, 3.4911e-17, 3.6922e-16, 4.8832e-16, 7.5532e-16, 5.3892e-15, 8.2111e-16,
 2.4912e-15, 5.4873e-15, 3.7778e-15, 1.2064e-15, 2.9587e-16, 3.7233e-16, 4.3806e-16, 2.7828e-16,
 5.3427e-16, 3.5050e-16, 2.4688e-16, 1.7521e-16, 1.2543e-16, 9.1732e-17, 6.9362e-17, 5.4713e-17,
 4.5163e-17, 3.8935e-17, 3.4879e-17, 3.2258e-17, 3.0554e-17, 2.9467e-17, 2.8818e-17, 2.8531e-17]

Bypass Diode Voltages (V):
[-10.2488, -10.2488, -10.3038]

Bypass Diode Currents (A):
[-1.6030e-09, -1.6030e-09, -1.5939e-09]

------------------------------------------------------------

