Detailed IV Simulation Results for: 1stCell_1stModule_100W
============================================================

--- Test 0 | Target Voltage: 0.0000 V ---
Total Panel Voltage : 0.0000 V
Total Panel Current : 8.6928 A
Total Power         : 0.0000 W

Cell Voltages (V):
[-10.    ,   0.6329,   0.6319,   0.6309,   0.63  ,   0.6292,   0.6285,   0.6278,   0.6272,   0.6266,
   0.6262,   0.6258,   0.6255,   0.6252,   0.6251,   0.625 ,   0.4348,   0.4314,   0.4276,   0.4231,
   0.4178,   0.4113,   0.4026,   0.3899,   0.366 ,   0.1958,  -0.117 ,  -0.377 ,  -0.5851,  -0.7411,
  -0.8451,  -0.8971,   0.4347,   0.4314,   0.4275,   0.4231,   0.4177,   0.4111,   0.4023,   0.3894,
   0.3647,   0.1823,  -0.1299,  -0.3899,  -0.598 ,  -0.754 ,  -0.858 ,  -0.91  ]

Cell Currents (A):
[1.1526, 1.2856, 1.41  , 1.5258, 1.633 , 1.7315, 1.8212, 1.9022, 1.9742, 2.0374, 2.0916, 2.1368,
 2.173 , 2.2002, 2.2183, 2.2274, 8.6965, 8.6983, 8.7002, 8.702 , 8.7038, 8.7057, 8.7075, 8.7093,
 8.7111, 8.7129, 8.7144, 8.7157, 8.7167, 8.7175, 8.718 , 8.7182, 8.6965, 8.6983, 8.7002, 8.702 ,
 8.7039, 8.7057, 8.7075, 8.7093, 8.7112, 8.7129, 8.7145, 8.7158, 8.7168, 8.7175, 8.7181, 8.7183]

Bypass Diode Voltages (V):
[ 0.5926, -0.3378, -0.2444]

Bypass Diode Currents (A):
[ 7.5365e+00, -1.8441e-03, -1.8502e-03]

------------------------------------------------------------

--- Test 1 | Target Voltage: 0.4493 V ---
Total Panel Voltage : 0.4493 V
Total Panel Current : 8.6926 A
Total Power         : 3.9054 W

Cell Voltages (V):
[-10.    ,   0.6329,   0.6319,   0.6309,   0.63  ,   0.6292,   0.6285,   0.6278,   0.6272,   0.6266,
   0.6262,   0.6258,   0.6255,   0.6252,   0.6251,   0.625 ,   0.435 ,   0.4317,   0.428 ,   0.4236,
   0.4184,   0.4119,   0.4035,   0.3913,   0.3692,   0.229 ,  -0.0858,  -0.3472,  -0.5564,  -0.7132,
  -0.8178,  -0.8701,   0.435 ,   0.4317,   0.4279,   0.4235,   0.4183,   0.4118,   0.4033,   0.391 ,
   0.3684,   0.2189,  -0.0956,  -0.3571,  -0.5662,  -0.7231,  -0.8276,  -0.8799]

Cell Currents (A):
[1.1526, 1.2856, 1.41  , 1.5258, 1.633 , 1.7315, 1.8212, 1.9022, 1.9742, 2.0374, 2.0916, 2.1368,
 2.173 , 2.2002, 2.2183, 2.2274, 8.6963, 8.6981, 8.7   , 8.7018, 8.7037, 8.7055, 8.7073, 8.7091,
 8.7109, 8.7127, 8.7143, 8.7155, 8.7166, 8.7173, 8.7179, 8.7181, 8.6963, 8.6982, 8.7   , 8.7018,
 8.7037, 8.7055, 8.7073, 8.7092, 8.711 , 8.7128, 8.7143, 8.7156, 8.7166, 8.7174, 8.7179, 8.7182]

Bypass Diode Voltages (V):
[ 0.5926, -0.5512, -0.4803]

Bypass Diode Currents (A):
[ 7.5363e+00, -1.8449e-03, -1.8494e-03]

------------------------------------------------------------

--- Test 2 | Target Voltage: 0.8986 V ---
Total Panel Voltage : 0.8986 V
Total Panel Current : 8.6922 A
Total Power         : 7.8104 W

Cell Voltages (V):
[-10.    ,   0.6329,   0.6319,   0.6309,   0.63  ,   0.6292,   0.6285,   0.6278,   0.6272,   0.6266,
   0.6262,   0.6258,   0.6255,   0.6252,   0.6251,   0.625 ,   0.4359,   0.4329,   0.4294,   0.4255,
   0.4208,   0.4153,   0.4083,   0.3988,   0.3845,   0.354 ,   0.1149,  -0.1711,  -0.3998,  -0.5714,
  -0.6857,  -0.7429,   0.4355,   0.4321,   0.4282,   0.4237,   0.4183,   0.4115,   0.4025,   0.3891,
   0.3624,   0.1469,  -0.1762,  -0.4454,  -0.6608,  -0.8224,  -0.9301,  -0.9839]

Cell Currents (A):
[1.1526, 1.2856, 1.41  , 1.5258, 1.633 , 1.7315, 1.8212, 1.9021, 1.9742, 2.0373, 2.0915, 2.1368,
 2.173 , 2.2001, 2.2183, 2.2273, 8.6958, 8.6975, 8.6993, 8.7011, 8.7028, 8.7046, 8.7063, 8.7081,
 8.7098, 8.7116, 8.7133, 8.7147, 8.7158, 8.7166, 8.7172, 8.7175, 8.696 , 8.698 , 8.6999, 8.7018,
 8.7037, 8.7056, 8.7075, 8.7094, 8.7113, 8.7131, 8.7147, 8.716 , 8.7171, 8.7179, 8.7184, 8.7187]

Bypass Diode Voltages (V):
[ 0.5926, -1.6495,  0.1687]

Bypass Diode Currents (A):
[ 7.5359e+00, -1.7759e-03, -1.9177e-03]

------------------------------------------------------------

--- Test 3 | Target Voltage: 1.3478 V ---
Total Panel Voltage : 1.3478 V
Total Panel Current : 8.6920 A
Total Power         : 11.7153 W

Cell Voltages (V):
[-10.    ,   0.6329,   0.6319,   0.6309,   0.63  ,   0.6292,   0.6285,   0.6278,   0.6272,   0.6266,
   0.6262,   0.6258,   0.6255,   0.6252,   0.6251,   0.625 ,   0.4363,   0.4333,   0.4299,   0.4261,
   0.4216,   0.4163,   0.4096,   0.4009,   0.388 ,   0.3634,   0.1872,  -0.0995,  -0.3285,  -0.5003,
  -0.6148,  -0.6721,   0.4358,   0.4324,   0.4285,   0.424 ,   0.4186,   0.4119,   0.4029,   0.3896,
   0.3634,   0.1525,  -0.1734,  -0.4449,  -0.6621,  -0.825 ,  -0.9336,  -0.9879]

Cell Currents (A):
[1.1526, 1.2856, 1.41  , 1.5258, 1.633 , 1.7315, 1.8212, 1.9021, 1.9742, 2.0373, 2.0915, 2.1368,
 2.173 , 2.2001, 2.2183, 2.2273, 8.6955, 8.6973, 8.699 , 8.7008, 8.7025, 8.7043, 8.706 , 8.7078,
 8.7095, 8.7112, 8.7129, 8.7143, 8.7154, 8.7163, 8.7168, 8.7171, 8.6959, 8.6978, 8.6997, 8.7017,
 8.7036, 8.7055, 8.7074, 8.7093, 8.7112, 8.7131, 8.7147, 8.716 , 8.7171, 8.7179, 8.7184, 8.7187]

Bypass Diode Voltages (V):
[ 0.5926, -2.0976,  0.1676]

Bypass Diode Currents (A):
[ 7.5357e+00, -1.7610e-03, -1.9327e-03]

------------------------------------------------------------

--- Test 4 | Target Voltage: 1.7971 V ---
Total Panel Voltage : 1.7971 V
Total Panel Current : 8.6918 A
Total Power         : 15.6200 W

Cell Voltages (V):
[-10.    ,   0.6329,   0.6319,   0.6309,   0.63  ,   0.6292,   0.6285,   0.6278,   0.6272,   0.6266,
   0.6262,   0.6258,   0.6255,   0.6252,   0.6251,   0.625 ,   0.4368,   0.4338,   0.4306,   0.4269,
   0.4226,   0.4175,   0.4113,   0.4032,   0.3918,   0.3721,   0.2819,  -0.0189,  -0.2559,  -0.4336,
  -0.552 ,  -0.6112,   0.4361,   0.4327,   0.4289,   0.4244,   0.419 ,   0.4123,   0.4034,   0.3902,
   0.3645,   0.1576,  -0.1716,  -0.4459,  -0.6653,  -0.8298,  -0.9395,  -0.9944]

Cell Currents (A):
[1.1526, 1.2856, 1.41  , 1.5258, 1.633 , 1.7315, 1.8212, 1.9021, 1.9742, 2.0373, 2.0915, 2.1367,
 2.173 , 2.2001, 2.2183, 2.2273, 8.6953, 8.697 , 8.6987, 8.7005, 8.7022, 8.7039, 8.7056, 8.7074,
 8.7091, 8.7108, 8.7124, 8.7139, 8.7151, 8.7159, 8.7165, 8.7168, 8.6957, 8.6976, 8.6996, 8.7015,
 8.7035, 8.7054, 8.7073, 8.7093, 8.7112, 8.7131, 8.7147, 8.716 , 8.7171, 8.7179, 8.7184, 8.7187]

Bypass Diode Voltages (V):
[ 0.5926, -2.5568,  0.1775]

Bypass Diode Currents (A):
[ 7.5355e+00, -1.7422e-03, -1.9515e-03]

------------------------------------------------------------

--- Test 5 | Target Voltage: 2.2464 V ---
Total Panel Voltage : 2.2464 V
Total Panel Current : 8.6914 A
Total Power         : 19.5242 W

Cell Voltages (V):
[-10.    ,   0.6329,   0.6319,   0.6309,   0.63  ,   0.6292,   0.6285,   0.6278,   0.6272,   0.6266,
   0.6262,   0.6258,   0.6255,   0.6252,   0.6251,   0.625 ,   0.4374,   0.4346,   0.4315,   0.428 ,
   0.424 ,   0.4193,   0.4136,   0.4064,   0.3966,   0.3816,   0.3474,   0.0888,  -0.1697,  -0.364 ,
  -0.4935,  -0.5582,   0.4366,   0.4332,   0.4294,   0.4249,   0.4196,   0.4129,   0.4041,   0.3911,
   0.3661,   0.1662,  -0.1686,  -0.4475,  -0.6706,  -0.8379,  -0.9494,  -1.0052]

Cell Currents (A):
[1.1526, 1.2856, 1.41  , 1.5258, 1.633 , 1.7315, 1.8212, 1.9021, 1.9742, 2.0373, 2.0915, 2.1367,
 2.1729, 2.2001, 2.2182, 2.2273, 8.6948, 8.6965, 8.6983, 8.7   , 8.7017, 8.7034, 8.7051, 8.7067,
 8.7084, 8.7101, 8.7117, 8.7133, 8.7146, 8.7156, 8.7162, 8.7165, 8.6954, 8.6973, 8.6993, 8.7013,
 8.7033, 8.7052, 8.7072, 8.7091, 8.7111, 8.713 , 8.7146, 8.716 , 8.7171, 8.7179, 8.7185, 8.7188]

Bypass Diode Voltages (V):
[ 0.5926, -3.0237,  0.1951]

Bypass Diode Currents (A):
[ 7.5351e+00, -1.7140e-03, -1.9785e-03]

------------------------------------------------------------

--- Test 6 | Target Voltage: 2.6957 V ---
Total Panel Voltage : 2.6957 V
Total Panel Current : 8.6912 A
Total Power         : 23.4284 W

Cell Voltages (V):
[-10.    ,   0.6329,   0.6319,   0.6309,   0.63  ,   0.6292,   0.6285,   0.6278,   0.6272,   0.6266,
   0.6262,   0.6258,   0.6255,   0.6252,   0.6251,   0.625 ,   0.4378,   0.4351,   0.4321,   0.4287,
   0.4248,   0.4203,   0.4149,   0.4082,   0.3993,   0.3862,   0.361 ,   0.176 ,  -0.0845,  -0.2797,
  -0.4099,  -0.4749,   0.4369,   0.4335,   0.4297,   0.4253,   0.4199,   0.4133,   0.4046,   0.3917,
   0.3672,   0.1725,  -0.1657,  -0.4473,  -0.6727,  -0.8416,  -0.9543,  -1.0106]

Cell Currents (A):
[1.1526, 1.2856, 1.41  , 1.5258, 1.633 , 1.7315, 1.8212, 1.9021, 1.9742, 2.0373, 2.0915, 2.1367,
 2.1729, 2.2001, 2.2182, 2.2273, 8.6946, 8.6963, 8.698 , 8.6996, 8.7013, 8.703 , 8.7047, 8.7064,
 8.708 , 8.7097, 8.7113, 8.7129, 8.7142, 8.7151, 8.7158, 8.7161, 8.6952, 8.6972, 8.6992, 8.7012,
 8.7031, 8.7051, 8.7071, 8.7091, 8.711 , 8.713 , 8.7146, 8.716 , 8.7171, 8.718 , 8.7185, 8.7188]

Bypass Diode Voltages (V):
[ 0.5926, -3.4756,  0.1977]

Bypass Diode Currents (A):
[ 7.5349e+00, -1.6961e-03, -1.9962e-03]

------------------------------------------------------------

--- Test 7 | Target Voltage: 3.1449 V ---
Total Panel Voltage : 3.1449 V
Total Panel Current : 8.6909 A
Total Power         : 27.3323 W

Cell Voltages (V):
[-1.0000e+01,  6.3291e-01,  6.3189e-01,  6.3094e-01,  6.3005e-01,  6.2923e-01,  6.2847e-01,
  6.2779e-01,  6.2718e-01,  6.2664e-01,  6.2617e-01,  6.2578e-01,  6.2547e-01,  6.2524e-01,
  6.2508e-01,  6.2500e-01,  4.3829e-01,  4.3566e-01,  4.3274e-01,  4.2948e-01,  4.2578e-01,
  4.2151e-01,  4.1644e-01,  4.1023e-01,  4.0221e-01,  3.9089e-01,  3.7164e-01,  2.8708e-01,
  6.0111e-03, -1.9971e-01, -3.3684e-01, -4.0541e-01,  4.3724e-01,  4.3390e-01,  4.3008e-01,
  4.2565e-01,  4.2035e-01,  4.1377e-01,  4.0510e-01,  3.9238e-01,  3.6835e-01,  1.7977e-01,
 -1.6219e-01, -4.4696e-01, -6.7477e-01, -8.4562e-01, -9.5952e-01, -1.0165e+00]

Cell Currents (A):
[1.1526, 1.2856, 1.41  , 1.5258, 1.633 , 1.7315, 1.8212, 1.9021, 1.9742, 2.0373, 2.0915, 2.1367,
 2.1729, 2.2001, 2.2182, 2.2273, 8.6943, 8.6959, 8.6976, 8.6993, 8.7009, 8.7026, 8.7042, 8.7059,
 8.7075, 8.7092, 8.7108, 8.7124, 8.7137, 8.7147, 8.7154, 8.7157, 8.6949, 8.697 , 8.699 , 8.701 ,
 8.703 , 8.705 , 8.707 , 8.709 , 8.711 , 8.7129, 8.7146, 8.716 , 8.7171, 8.718 , 8.7185, 8.7188]

Bypass Diode Voltages (V):
[ 0.5926, -3.926 ,  0.1989]

Bypass Diode Currents (A):
[ 7.5346e+00, -1.6753e-03, -2.0169e-03]

------------------------------------------------------------

--- Test 8 | Target Voltage: 3.5942 V ---
Total Panel Voltage : 3.5942 V
Total Panel Current : 8.6905 A
Total Power         : 31.2355 W

Cell Voltages (V):
[-10.    ,   0.6329,   0.6319,   0.6309,   0.63  ,   0.6292,   0.6285,   0.6278,   0.6272,   0.6266,
   0.6262,   0.6258,   0.6255,   0.6252,   0.6251,   0.625 ,   0.439 ,   0.4364,   0.4337,   0.4306,
   0.4271,   0.4231,   0.4185,   0.4129,   0.4059,   0.3965,   0.3823,   0.3526,   0.1249,  -0.1034,
  -0.2555,  -0.3316,   0.4378,   0.4344,   0.4306,   0.4262,   0.4209,   0.4144,   0.4058,   0.3933,
   0.3699,   0.1897,  -0.1585,  -0.4484,  -0.6803,  -0.8542,  -0.9702,  -1.0282]

Cell Currents (A):
[1.1526, 1.2856, 1.41  , 1.5258, 1.633 , 1.7315, 1.8212, 1.9021, 1.9742, 2.0373, 2.0915, 2.1367,
 2.1729, 2.2001, 2.2182, 2.2273, 8.6938, 8.6955, 8.6971, 8.6987, 8.7004, 8.702 , 8.7036, 8.7052,
 8.7068, 8.7084, 8.71  , 8.7116, 8.7131, 8.7142, 8.715 , 8.7153, 8.6946, 8.6967, 8.6987, 8.7008,
 8.7028, 8.7048, 8.7069, 8.7089, 8.7109, 8.7129, 8.7146, 8.716 , 8.7172, 8.718 , 8.7186, 8.7189]

Bypass Diode Voltages (V):
[ 0.5926, -4.3931,  0.2167]

Bypass Diode Currents (A):
[ 7.5342e+00, -1.6449e-03, -2.0449e-03]

------------------------------------------------------------

--- Test 9 | Target Voltage: 4.0435 V ---
Total Panel Voltage : 4.0435 V
Total Panel Current : 8.6902 A
Total Power         : 35.1388 W

Cell Voltages (V):
[-1.0000e+01,  6.3291e-01,  6.3189e-01,  6.3094e-01,  6.3005e-01,  6.2923e-01,  6.2847e-01,
  6.2779e-01,  6.2718e-01,  6.2664e-01,  6.2617e-01,  6.2578e-01,  6.2547e-01,  6.2524e-01,
  6.2508e-01,  6.2500e-01,  4.3943e-01,  4.3699e-01,  4.3432e-01,  4.3136e-01,  4.2804e-01,
  4.2427e-01,  4.1990e-01,  4.1471e-01,  4.0830e-01,  3.9997e-01,  3.8805e-01,  3.6701e-01,
  2.3893e-01,  1.8886e-03, -1.5432e-01, -2.3242e-01,  4.3812e-01,  4.3480e-01,  4.3101e-01,
  4.2662e-01,  4.2138e-01,  4.1489e-01,  4.0636e-01,  3.9396e-01,  3.7103e-01,  1.9712e-01,
 -1.5502e-01, -4.4828e-01, -6.8289e-01, -8.5886e-01, -9.7618e-01, -1.0348e+00]

Cell Currents (A):
[1.1526, 1.2855, 1.41  , 1.5258, 1.633 , 1.7315, 1.8212, 1.9021, 1.9741, 2.0373, 2.0915, 2.1367,
 2.1729, 2.2001, 2.2182, 2.2273, 8.6935, 8.6951, 8.6967, 8.6983, 8.6999, 8.7015, 8.7032, 8.7047,
 8.7063, 8.7079, 8.7095, 8.711 , 8.7126, 8.7137, 8.7145, 8.7149, 8.6944, 8.6964, 8.6985, 8.7006,
 8.7026, 8.7047, 8.7067, 8.7088, 8.7108, 8.7128, 8.7146, 8.716 , 8.7172, 8.718 , 8.7186, 8.7189]

Bypass Diode Voltages (V):
[ 0.5926, -4.8464,  0.2208]

Bypass Diode Currents (A):
[ 7.5339e+00, -1.6228e-03, -2.0661e-03]

------------------------------------------------------------

--- Test 10 | Target Voltage: 4.4928 V ---
Total Panel Voltage : 4.4928 V
Total Panel Current : 8.6898 A
Total Power         : 39.0411 W

Cell Voltages (V):
[-10.    ,   0.6329,   0.6319,   0.6309,   0.63  ,   0.6292,   0.6285,   0.6278,   0.6272,   0.6266,
   0.6262,   0.6258,   0.6255,   0.6252,   0.6251,   0.625 ,   0.4402,   0.4379,   0.4353,   0.4326,
   0.4295,   0.426 ,   0.422 ,   0.4174,   0.4118,   0.4049,   0.3956,   0.3816,   0.353 ,   0.1295,
  -0.0564,  -0.1504,   0.4387,   0.4354,   0.4316,   0.4273,   0.422 ,   0.4156,   0.4072,   0.395 ,
   0.3727,   0.209 ,  -0.1504,  -0.4493,  -0.6884,  -0.8677,  -0.9872,  -1.047 ]

Cell Currents (A):
[1.1526, 1.2855, 1.41  , 1.5258, 1.633 , 1.7315, 1.8212, 1.9021, 1.9741, 2.0373, 2.0915, 2.1367,
 2.1729, 2.2001, 2.2182, 2.2273, 8.693 , 8.6945, 8.6961, 8.6977, 8.6993, 8.7008, 8.7024, 8.704 ,
 8.7055, 8.707 , 8.7086, 8.7101, 8.7116, 8.713 , 8.7139, 8.7144, 8.694 , 8.6961, 8.6982, 8.7003,
 8.7024, 8.7045, 8.7066, 8.7087, 8.7107, 8.7128, 8.7145, 8.716 , 8.7172, 8.7181, 8.7186, 8.7189]

Bypass Diode Voltages (V):
[ 0.5926, -5.3104,  0.2355]

Bypass Diode Currents (A):
[ 7.5335e+00, -1.5873e-03, -2.0970e-03]

------------------------------------------------------------

--- Test 11 | Target Voltage: 4.9420 V ---
Total Panel Voltage : 4.9420 V
Total Panel Current : 8.6894 A
Total Power         : 42.9431 W

Cell Voltages (V):
[-10.    ,   0.6329,   0.6319,   0.6309,   0.63  ,   0.6292,   0.6285,   0.6278,   0.6272,   0.6266,
   0.6262,   0.6258,   0.6255,   0.6252,   0.6251,   0.625 ,   0.4408,   0.4386,   0.4362,   0.4336,
   0.4307,   0.4275,   0.4239,   0.4197,   0.4148,   0.4088,   0.4012,   0.3908,   0.3742,   0.3273,
   0.0621,  -0.0566,   0.4392,   0.4359,   0.4322,   0.4278,   0.4227,   0.4163,   0.4079,   0.3959,
   0.3742,   0.2211,  -0.1455,  -0.45  ,  -0.6937,  -0.8764,  -0.9982,  -1.0591]

Cell Currents (A):
[1.1526, 1.2855, 1.41  , 1.5258, 1.633 , 1.7315, 1.8212, 1.9021, 1.9741, 2.0373, 2.0915, 2.1367,
 2.1729, 2.2   , 2.2182, 2.2272, 8.6925, 8.694 , 8.6956, 8.6971, 8.6986, 8.7002, 8.7017, 8.7032,
 8.7047, 8.7062, 8.7077, 8.7092, 8.7106, 8.712 , 8.7132, 8.7138, 8.6936, 8.6958, 8.6979, 8.7   ,
 8.7022, 8.7043, 8.7064, 8.7085, 8.7106, 8.7127, 8.7145, 8.716 , 8.7172, 8.7181, 8.7187, 8.719 ]

Bypass Diode Voltages (V):
[ 0.5926, -5.7737,  0.2495]

Bypass Diode Currents (A):
[ 7.5331e+00, -1.5547e-03, -2.1220e-03]

------------------------------------------------------------

--- Test 12 | Target Voltage: 5.3913 V ---
Total Panel Voltage : 5.3913 V
Total Panel Current : 8.6888 A
Total Power         : 46.8441 W

Cell Voltages (V):
[-10.    ,   0.6329,   0.6319,   0.6309,   0.63  ,   0.6292,   0.6285,   0.6278,   0.6272,   0.6266,
   0.6262,   0.6258,   0.6255,   0.6252,   0.6251,   0.625 ,   0.4417,   0.4396,   0.4373,   0.4349,
   0.4322,   0.4293,   0.426 ,   0.4223,   0.418 ,   0.4129,   0.4067,   0.3988,   0.3878,   0.3698,
   0.261 ,   0.1114,   0.4399,   0.4366,   0.4329,   0.4286,   0.4234,   0.4171,   0.4089,   0.3971,
   0.3763,   0.2398,  -0.1372,  -0.4494,  -0.6991,  -0.8863,  -1.0112,  -1.0736]

Cell Currents (A):
[1.1526, 1.2855, 1.41  , 1.5258, 1.633 , 1.7314, 1.8212, 1.9021, 1.9741, 2.0372, 2.0914, 2.1366,
 2.1729, 2.2   , 2.2182, 2.2272, 8.6919, 8.6934, 8.6949, 8.6964, 8.6979, 8.6994, 8.7008, 8.7023,
 8.7038, 8.7052, 8.7067, 8.7081, 8.7095, 8.7109, 8.7122, 8.7129, 8.6932, 8.6954, 8.6975, 8.6997,
 8.7019, 8.704 , 8.7062, 8.7084, 8.7105, 8.7126, 8.7145, 8.716 , 8.7172, 8.7181, 8.7188, 8.7191]

Bypass Diode Voltages (V):
[ 0.5926, -6.2296,  0.2562]

Bypass Diode Currents (A):
[ 7.5325e+00, -1.5145e-03, -2.1572e-03]

------------------------------------------------------------

--- Test 13 | Target Voltage: 5.8406 V ---
Total Panel Voltage : 5.8406 V
Total Panel Current : 8.6894 A
Total Power         : 50.7513 W

Cell Voltages (V):
[-10.    ,   0.6329,   0.6319,   0.6309,   0.63  ,   0.6292,   0.6285,   0.6278,   0.6272,   0.6266,
   0.6262,   0.6258,   0.6255,   0.6252,   0.6251,   0.625 ,   0.4408,   0.4387,   0.4364,   0.4341,
   0.4316,   0.4291,   0.4264,   0.4236,   0.4207,   0.4177,   0.4147,   0.4119,   0.4092,   0.407 ,
   0.4053,   0.4044,   0.4396,   0.4363,   0.4325,   0.4282,   0.423 ,   0.4167,   0.4084,   0.3964,
   0.3748,   0.2246,  -0.1505,  -0.4602,  -0.7079,  -0.8936,  -1.0175,  -1.0794]

Cell Currents (A):
[1.1526, 1.2855, 1.41  , 1.5258, 1.633 , 1.7315, 1.8212, 1.9021, 1.9741, 2.0373, 2.0915, 2.1367,
 2.1729, 2.2001, 2.2182, 2.2272, 8.6925, 8.694 , 8.6954, 8.6968, 8.6981, 8.6994, 8.7006, 8.7018,
 8.7028, 8.7038, 8.7046, 8.7054, 8.706 , 8.7065, 8.7068, 8.707 , 8.6934, 8.6956, 8.6977, 8.6999,
 8.702 , 8.7042, 8.7063, 8.7085, 8.7106, 8.7127, 8.7145, 8.7161, 8.7173, 8.7182, 8.7188, 8.7191]

Bypass Diode Voltages (V):
[ 0.5926, -6.7514,  0.3287]

Bypass Diode Currents (A):
[ 7.5331e+00, -1.5295e-03, -1.7960e-03]

------------------------------------------------------------

--- Test 14 | Target Voltage: 6.2899 V ---
Total Panel Voltage : 6.2899 V
Total Panel Current : 8.6787 A
Total Power         : 54.5876 W

Cell Voltages (V):
[-10.    ,   0.6329,   0.6319,   0.6309,   0.6301,   0.6292,   0.6285,   0.6278,   0.6272,   0.6266,
   0.6262,   0.6258,   0.6255,   0.6252,   0.6251,   0.625 ,   0.4538,   0.4532,   0.4526,   0.4521,
   0.4515,   0.451 ,   0.4505,   0.4501,   0.4497,   0.4494,   0.449 ,   0.4488,   0.4486,   0.4484,
   0.4483,   0.4483,   0.4504,   0.4474,   0.4441,   0.4403,   0.4358,   0.4306,   0.424 ,   0.4153,
   0.4026,   0.3781,   0.0639,  -0.3856,  -0.748 ,  -1.0238,  -1.2083,  -1.3   ]

Cell Currents (A):
[1.1526, 1.2855, 1.4098, 1.5256, 1.6328, 1.7312, 1.8209, 1.9018, 1.9738, 2.0369, 2.0911, 2.1363,
 2.1725, 2.1997, 2.2178, 2.2269, 8.6802, 8.6809, 8.6816, 8.6822, 8.6828, 8.6834, 8.6839, 8.6843,
 8.6847, 8.6851, 8.6854, 8.6857, 8.6859, 8.686 , 8.6861, 8.6862, 8.6841, 8.687 , 8.69  , 8.6929,
 8.6958, 8.6987, 8.7017, 8.7046, 8.7075, 8.7104, 8.7132, 8.7155, 8.7173, 8.7187, 8.7196, 8.72  ]

Bypass Diode Voltages (V):
[ 0.5926, -7.2053,  0.3333]

Bypass Diode Currents (A):
[ 7.5224e+00, -7.6483e-04, -2.4936e-03]

------------------------------------------------------------

--- Test 15 | Target Voltage: 6.7391 V ---
Total Panel Voltage : 6.7391 V
Total Panel Current : 8.6665 A
Total Power         : 58.4046 W

Cell Voltages (V):
[-10.    ,   0.6329,   0.6319,   0.6309,   0.6301,   0.6292,   0.6285,   0.6278,   0.6272,   0.6266,
   0.6262,   0.6258,   0.6255,   0.6252,   0.6251,   0.625 ,   0.4634,   0.4634,   0.4634,   0.4634,
   0.4634,   0.4634,   0.4633,   0.4633,   0.4633,   0.4633,   0.4633,   0.4633,   0.4633,   0.4633,
   0.4633,   0.4633,   0.4588,   0.456 ,   0.453 ,   0.4497,   0.4458,   0.4413,   0.4359,   0.4291,
   0.4201,   0.4065,   0.3784,  -0.1024,  -0.683 ,  -1.1185,  -1.4088,  -1.554 ]

Cell Currents (A):
[1.1525, 1.2854, 1.4097, 1.5255, 1.6326, 1.731 , 1.8206, 1.9015, 1.9735, 2.0366, 2.0907, 2.1359,
 2.1721, 2.1993, 2.2174, 2.2264, 8.6666, 8.6666, 8.6666, 8.6666, 8.6667, 8.6667, 8.6667, 8.6667,
 8.6668, 8.6668, 8.6668, 8.6668, 8.6668, 8.6668, 8.6668, 8.6668, 8.6738, 8.6775, 8.6812, 8.6848,
 8.6885, 8.6922, 8.6958, 8.6994, 8.7031, 8.7067, 8.7103, 8.7139, 8.7167, 8.7189, 8.7203, 8.721 ]

Bypass Diode Voltages (V):
[ 0.5925, -7.4135,  0.0923]

Bypass Diode Currents (A):
[ 7.5103e+00, -3.3312e-05, -3.6711e-03]

------------------------------------------------------------

--- Test 16 | Target Voltage: 7.1884 V ---
Total Panel Voltage : 7.1884 V
Total Panel Current : 8.6660 A
Total Power         : 62.2950 W

Cell Voltages (V):
[-10.    ,   0.6329,   0.6319,   0.6309,   0.6301,   0.6292,   0.6285,   0.6278,   0.6272,   0.6266,
   0.6262,   0.6258,   0.6255,   0.6252,   0.6251,   0.625 ,   0.4637,   0.4637,   0.4637,   0.4637,
   0.4636,   0.4636,   0.4636,   0.4636,   0.4636,   0.4636,   0.4636,   0.4636,   0.4636,   0.4636,
   0.4636,   0.4636,   0.4591,   0.4564,   0.4534,   0.4501,   0.4463,   0.4419,   0.4366,   0.4301,
   0.4214,   0.4086,   0.3839,  -0.0133,  -0.5958,  -1.0327,  -1.3239,  -1.4696]

Cell Currents (A):
[1.1525, 1.2854, 1.4097, 1.5255, 1.6326, 1.731 , 1.8206, 1.9015, 1.9735, 2.0366, 2.0907, 2.1359,
 2.1721, 2.1992, 2.2174, 2.2264, 8.6661, 8.6661, 8.6662, 8.6662, 8.6662, 8.6662, 8.6663, 8.6663,
 8.6663, 8.6663, 8.6663, 8.6663, 8.6663, 8.6663, 8.6663, 8.6663, 8.6734, 8.677 , 8.6807, 8.6844,
 8.688 , 8.6917, 8.6953, 8.699 , 8.7026, 8.7063, 8.7099, 8.7134, 8.7163, 8.7185, 8.7199, 8.7206]

Bypass Diode Voltages (V):
[ 0.5925, -7.4179, -0.3526]

Bypass Diode Currents (A):
[ 7.5098e+00, -3.2990e-05, -3.6717e-03]

------------------------------------------------------------

--- Test 17 | Target Voltage: 7.6377 V ---
Total Panel Voltage : 7.6377 V
Total Panel Current : 8.6656 A
Total Power         : 66.1849 W

Cell Voltages (V):
[-10.    ,   0.6329,   0.6319,   0.6309,   0.6301,   0.6292,   0.6285,   0.6278,   0.6272,   0.6266,
   0.6262,   0.6258,   0.6255,   0.6252,   0.6251,   0.625 ,   0.464 ,   0.464 ,   0.4639,   0.4639,
   0.4639,   0.4639,   0.4639,   0.4639,   0.4639,   0.4639,   0.4639,   0.4638,   0.4638,   0.4638,
   0.4638,   0.4638,   0.4594,   0.4567,   0.4538,   0.4505,   0.4468,   0.4425,   0.4373,   0.431 ,
   0.4226,   0.4106,   0.3885,   0.0754,  -0.5085,  -0.9464,  -1.2383,  -1.3843]

Cell Currents (A):
[1.1525, 1.2854, 1.4097, 1.5254, 1.6326, 1.731 , 1.8206, 1.9015, 1.9735, 2.0366, 2.0907, 2.1359,
 2.1721, 2.1992, 2.2173, 2.2264, 8.6656, 8.6657, 8.6657, 8.6657, 8.6658, 8.6658, 8.6658, 8.6658,
 8.6658, 8.6658, 8.6659, 8.6659, 8.6659, 8.6659, 8.6659, 8.6659, 8.6729, 8.6766, 8.6803, 8.6839,
 8.6876, 8.6912, 8.6949, 8.6985, 8.7022, 8.7058, 8.7094, 8.713 , 8.7159, 8.718 , 8.7195, 8.7202]

Bypass Diode Voltages (V):
[ 0.5925, -7.4222, -0.7976]

Bypass Diode Currents (A):
[ 7.5094e+00, -3.2743e-05, -3.6721e-03]

------------------------------------------------------------

--- Test 18 | Target Voltage: 8.0870 V ---
Total Panel Voltage : 8.0870 V
Total Panel Current : 8.6651 A
Total Power         : 70.0745 W

Cell Voltages (V):
[-10.    ,   0.6329,   0.6319,   0.6309,   0.6301,   0.6292,   0.6285,   0.6278,   0.6272,   0.6266,
   0.6262,   0.6258,   0.6255,   0.6252,   0.6251,   0.625 ,   0.4642,   0.4642,   0.4642,   0.4642,
   0.4642,   0.4642,   0.4642,   0.4641,   0.4641,   0.4641,   0.4641,   0.4641,   0.4641,   0.4641,
   0.4641,   0.4641,   0.4597,   0.4571,   0.4542,   0.451 ,   0.4473,   0.443 ,   0.438 ,   0.4318,
   0.4238,   0.4124,   0.3924,   0.1649,  -0.421 ,  -0.8601,  -1.1528,  -1.2991]

Cell Currents (A):
[1.1525, 1.2854, 1.4097, 1.5254, 1.6325, 1.731 , 1.8206, 1.9015, 1.9734, 2.0365, 2.0907, 2.1359,
 2.1721, 2.1992, 2.2173, 2.2264, 8.6652, 8.6652, 8.6652, 8.6653, 8.6653, 8.6653, 8.6653, 8.6654,
 8.6654, 8.6654, 8.6654, 8.6654, 8.6654, 8.6654, 8.6654, 8.6654, 8.6725, 8.6761, 8.6798, 8.6835,
 8.6871, 8.6908, 8.6944, 8.6981, 8.7017, 8.7054, 8.709 , 8.7126, 8.7154, 8.7176, 8.719 , 8.7198]

Bypass Diode Voltages (V):
[ 0.5925, -7.4264, -1.2426]

Bypass Diode Currents (A):
[ 7.5089e+00, -3.2512e-05, -3.6725e-03]

------------------------------------------------------------

--- Test 19 | Target Voltage: 8.5362 V ---
Total Panel Voltage : 8.5362 V
Total Panel Current : 8.6636 A
Total Power         : 73.9549 W

Cell Voltages (V):
[-10.    ,   0.6329,   0.6319,   0.6309,   0.6301,   0.6292,   0.6285,   0.6278,   0.6272,   0.6266,
   0.6262,   0.6258,   0.6255,   0.6252,   0.6251,   0.625 ,   0.4651,   0.4651,   0.465 ,   0.465 ,
   0.465 ,   0.465 ,   0.465 ,   0.465 ,   0.4649,   0.4649,   0.4649,   0.4649,   0.4649,   0.4649,
   0.4649,   0.4649,   0.4607,   0.4582,   0.4554,   0.4523,   0.4489,   0.4449,   0.4402,   0.4346,
   0.4275,   0.4179,   0.4028,   0.3669,  -0.2594,  -0.7938,  -1.1501,  -1.3282]

Cell Currents (A):
[1.1525, 1.2854, 1.4097, 1.5254, 1.6325, 1.7309, 1.8206, 1.9014, 1.9734, 2.0365, 2.0906, 2.1358,
 2.172 , 2.1992, 2.2173, 2.2263, 8.6637, 8.6638, 8.6638, 8.6638, 8.6639, 8.6639, 8.6639, 8.6639,
 8.6639, 8.664 , 8.664 , 8.664 , 8.664 , 8.664 , 8.664 , 8.664 , 8.671 , 8.6746, 8.6783, 8.682 ,
 8.6856, 8.6893, 8.6929, 8.6966, 8.7002, 8.7038, 8.7074, 8.711 , 8.7145, 8.7171, 8.7189, 8.7197]

Bypass Diode Voltages (V):
[ 0.5925, -7.4395, -1.6788]

Bypass Diode Currents (A):
[ 7.5074e+00, -3.8413e-05, -3.6672e-03]

------------------------------------------------------------

--- Test 20 | Target Voltage: 8.9855 V ---
Total Panel Voltage : 8.9855 V
Total Panel Current : 8.6630 A
Total Power         : 77.8419 W

Cell Voltages (V):
[-10.    ,   0.6329,   0.6319,   0.6309,   0.6301,   0.6292,   0.6285,   0.6278,   0.6272,   0.6266,
   0.6262,   0.6258,   0.6255,   0.6252,   0.6251,   0.625 ,   0.4654,   0.4654,   0.4654,   0.4653,
   0.4653,   0.4653,   0.4653,   0.4653,   0.4653,   0.4653,   0.4653,   0.4653,   0.4653,   0.4652,
   0.4652,   0.4652,   0.4611,   0.4586,   0.4559,   0.4529,   0.4495,   0.4456,   0.441 ,   0.4356,
   0.4288,   0.4197,   0.4059,   0.3769,  -0.1484,  -0.6873,  -1.0467,  -1.2263]

Cell Currents (A):
[1.1525, 1.2853, 1.4097, 1.5254, 1.6325, 1.7309, 1.8206, 1.9014, 1.9734, 2.0365, 2.0906, 2.1358,
 2.172 , 2.1991, 2.2173, 2.2263, 8.6631, 8.6632, 8.6632, 8.6632, 8.6633, 8.6633, 8.6633, 8.6633,
 8.6633, 8.6634, 8.6634, 8.6634, 8.6634, 8.6634, 8.6634, 8.6634, 8.6704, 8.674 , 8.6777, 8.6814,
 8.685 , 8.6887, 8.6923, 8.696 , 8.6996, 8.7032, 8.7068, 8.7104, 8.7139, 8.7166, 8.7184, 8.7192]

Bypass Diode Voltages (V):
[ 0.5925, -7.4448, -2.1228]

Bypass Diode Currents (A):
[ 7.5068e+00, -3.8252e-05, -3.6676e-03]

------------------------------------------------------------

--- Test 21 | Target Voltage: 9.4348 V ---
Total Panel Voltage : 9.4348 V
Total Panel Current : 8.6625 A
Total Power         : 81.7286 W

Cell Voltages (V):
[-10.    ,   0.6329,   0.6319,   0.6309,   0.6301,   0.6292,   0.6285,   0.6278,   0.6272,   0.6266,
   0.6262,   0.6258,   0.6255,   0.6252,   0.6251,   0.625 ,   0.4657,   0.4657,   0.4657,   0.4657,
   0.4656,   0.4656,   0.4656,   0.4656,   0.4656,   0.4656,   0.4656,   0.4656,   0.4656,   0.4656,
   0.4656,   0.4656,   0.4614,   0.459 ,   0.4563,   0.4534,   0.45  ,   0.4462,   0.4418,   0.4365,
   0.43  ,   0.4213,   0.4086,   0.384 ,  -0.0386,  -0.5801,  -0.9412,  -1.1217]

Cell Currents (A):
[1.1525, 1.2853, 1.4097, 1.5254, 1.6325, 1.7309, 1.8205, 1.9014, 1.9734, 2.0365, 2.0906, 2.1358,
 2.172 , 2.1991, 2.2172, 2.2263, 8.6626, 8.6626, 8.6626, 8.6627, 8.6627, 8.6627, 8.6627, 8.6628,
 8.6628, 8.6628, 8.6628, 8.6628, 8.6628, 8.6628, 8.6628, 8.6628, 8.6698, 8.6735, 8.6771, 8.6808,
 8.6845, 8.6881, 8.6917, 8.6954, 8.699 , 8.7026, 8.7063, 8.7099, 8.7134, 8.7161, 8.7178, 8.7187]

Bypass Diode Voltages (V):
[ 0.5925, -7.4498, -2.567 ]

Bypass Diode Currents (A):
[ 7.5063e+00, -3.7998e-05, -3.6681e-03]

------------------------------------------------------------

--- Test 22 | Target Voltage: 9.8841 V ---
Total Panel Voltage : 9.8841 V
Total Panel Current : 8.6619 A
Total Power         : 85.6148 W

Cell Voltages (V):
[-10.    ,   0.6329,   0.6319,   0.6309,   0.6301,   0.6292,   0.6285,   0.6278,   0.6272,   0.6266,
   0.6262,   0.6258,   0.6255,   0.6252,   0.6251,   0.625 ,   0.466 ,   0.466 ,   0.466 ,   0.466 ,
   0.466 ,   0.4659,   0.4659,   0.4659,   0.4659,   0.4659,   0.4659,   0.4659,   0.4659,   0.4659,
   0.4659,   0.4659,   0.4618,   0.4594,   0.4568,   0.4538,   0.4506,   0.4468,   0.4425,   0.4374,
   0.4311,   0.4229,   0.411 ,   0.3896,   0.071 ,  -0.4725,  -0.8348,  -1.016 ]

Cell Currents (A):
[1.1525, 1.2853, 1.4097, 1.5254, 1.6325, 1.7309, 1.8205, 1.9014, 1.9734, 2.0364, 2.0906, 2.1358,
 2.1719, 2.1991, 2.2172, 2.2263, 8.662 , 8.662 , 8.6621, 8.6621, 8.6621, 8.6621, 8.6622, 8.6622,
 8.6622, 8.6622, 8.6622, 8.6622, 8.6623, 8.6623, 8.6623, 8.6623, 8.6692, 8.6729, 8.6766, 8.6802,
 8.6839, 8.6875, 8.6912, 8.6948, 8.6985, 8.7021, 8.7057, 8.7093, 8.7129, 8.7155, 8.7173, 8.7182]

Bypass Diode Voltages (V):
[ 0.5925, -7.4548, -3.0113]

Bypass Diode Currents (A):
[ 7.5057e+00, -3.7697e-05, -3.6686e-03]

------------------------------------------------------------

--- Test 23 | Target Voltage: 10.3333 V ---
Total Panel Voltage : 10.3333 V
Total Panel Current : 8.6613 A
Total Power         : 89.5005 W

Cell Voltages (V):
[-10.    ,   0.6329,   0.6319,   0.6309,   0.6301,   0.6292,   0.6285,   0.6278,   0.6272,   0.6266,
   0.6262,   0.6258,   0.6255,   0.6252,   0.6251,   0.625 ,   0.4663,   0.4663,   0.4663,   0.4663,
   0.4663,   0.4662,   0.4662,   0.4662,   0.4662,   0.4662,   0.4662,   0.4662,   0.4662,   0.4662,
   0.4662,   0.4662,   0.4622,   0.4598,   0.4572,   0.4543,   0.4511,   0.4475,   0.4433,   0.4383,
   0.4322,   0.4243,   0.4132,   0.3942,   0.1826,  -0.3647,  -0.7287,  -0.9107]

Cell Currents (A):
[1.1525, 1.2853, 1.4096, 1.5254, 1.6325, 1.7309, 1.8205, 1.9014, 1.9733, 2.0364, 2.0906, 2.1358,
 2.1719, 2.1991, 2.2172, 2.2263, 8.6614, 8.6614, 8.6615, 8.6615, 8.6615, 8.6616, 8.6616, 8.6616,
 8.6616, 8.6616, 8.6617, 8.6617, 8.6617, 8.6617, 8.6617, 8.6617, 8.6687, 8.6723, 8.676 , 8.6797,
 8.6833, 8.687 , 8.6906, 8.6943, 8.6979, 8.7015, 8.7051, 8.7087, 8.7123, 8.715 , 8.7168, 8.7177]

Bypass Diode Voltages (V):
[ 0.5925, -7.4597, -3.4557]

Bypass Diode Currents (A):
[ 7.5051e+00, -3.7451e-05, -3.6691e-03]

------------------------------------------------------------

--- Test 24 | Target Voltage: 10.7826 V ---
Total Panel Voltage : 10.7826 V
Total Panel Current : 8.6597 A
Total Power         : 93.3742 W

Cell Voltages (V):
[-10.    ,   0.6329,   0.6319,   0.6309,   0.6301,   0.6292,   0.6285,   0.6278,   0.6272,   0.6266,
   0.6262,   0.6258,   0.6255,   0.6252,   0.6251,   0.625 ,   0.4672,   0.4672,   0.4671,   0.4671,
   0.4671,   0.4671,   0.4671,   0.467 ,   0.467 ,   0.467 ,   0.467 ,   0.467 ,   0.467 ,   0.467 ,
   0.467 ,   0.467 ,   0.4632,   0.4609,   0.4584,   0.4557,   0.4526,   0.4492,   0.4453,   0.4408,
   0.4353,   0.4284,   0.4193,   0.4053,   0.3756,  -0.2069,  -0.6779,  -0.9134]

Cell Currents (A):
[1.1525, 1.2853, 1.4096, 1.5254, 1.6325, 1.7308, 1.8205, 1.9013, 1.9733, 2.0364, 2.0905, 2.1357,
 2.1719, 2.199 , 2.2171, 2.2262, 8.6598, 8.6598, 8.6599, 8.6599, 8.66  , 8.66  , 8.66  , 8.66  ,
 8.6601, 8.6601, 8.6601, 8.6601, 8.6601, 8.6601, 8.6601, 8.6601, 8.667 , 8.6707, 8.6743, 8.678 ,
 8.6816, 8.6853, 8.6889, 8.6925, 8.6961, 8.6998, 8.7034, 8.7069, 8.7105, 8.714 , 8.7163, 8.7174]

Bypass Diode Voltages (V):
[ 0.5925, -7.4729, -3.8918]

Bypass Diode Currents (A):
[ 7.5035e+00, -4.7011e-05, -3.6602e-03]

------------------------------------------------------------

--- Test 25 | Target Voltage: 11.2319 V ---
Total Panel Voltage : 11.2319 V
Total Panel Current : 8.6589 A
Total Power         : 97.2562 W

Cell Voltages (V):
[-10.    ,   0.6329,   0.6319,   0.6309,   0.6301,   0.6292,   0.6285,   0.6278,   0.6272,   0.6266,
   0.6262,   0.6258,   0.6255,   0.6252,   0.6251,   0.625 ,   0.4676,   0.4675,   0.4675,   0.4675,
   0.4675,   0.4675,   0.4675,   0.4674,   0.4674,   0.4674,   0.4674,   0.4674,   0.4674,   0.4674,
   0.4674,   0.4674,   0.4636,   0.4614,   0.4589,   0.4563,   0.4533,   0.45  ,   0.4462,   0.4418,
   0.4365,   0.43  ,   0.4215,   0.4089,   0.3851,  -0.0637,  -0.5387,  -0.7763]

Cell Currents (A):
[1.1525, 1.2853, 1.4096, 1.5254, 1.6324, 1.7308, 1.8205, 1.9013, 1.9733, 2.0364, 2.0905, 2.1357,
 2.1718, 2.199 , 2.2171, 2.2262, 8.659 , 8.6591, 8.6591, 8.6592, 8.6592, 8.6592, 8.6592, 8.6593,
 8.6593, 8.6593, 8.6593, 8.6594, 8.6594, 8.6594, 8.6594, 8.6594, 8.6663, 8.6699, 8.6736, 8.6772,
 8.6809, 8.6845, 8.6881, 8.6918, 8.6954, 8.699 , 8.7026, 8.7062, 8.7097, 8.7132, 8.7156, 8.7167]

Bypass Diode Voltages (V):
[ 0.5925, -7.4792, -4.3347]

Bypass Diode Currents (A):
[ 7.5027e+00, -4.6723e-05, -3.6608e-03]

------------------------------------------------------------

--- Test 26 | Target Voltage: 11.6812 V ---
Total Panel Voltage : 11.6812 V
Total Panel Current : 8.6582 A
Total Power         : 101.1376 W

Cell Voltages (V):
[-10.    ,   0.6329,   0.6319,   0.6309,   0.6301,   0.6292,   0.6285,   0.6278,   0.6272,   0.6266,
   0.6262,   0.6258,   0.6255,   0.6252,   0.6251,   0.625 ,   0.4679,   0.4679,   0.4679,   0.4679,
   0.4679,   0.4679,   0.4678,   0.4678,   0.4678,   0.4678,   0.4678,   0.4678,   0.4678,   0.4678,
   0.4678,   0.4678,   0.4641,   0.4619,   0.4595,   0.4568,   0.4539,   0.4507,   0.447 ,   0.4427,
   0.4377,   0.4315,   0.4234,   0.412 ,   0.3919,   0.0797,  -0.398 ,  -0.6369]

Cell Currents (A):
[1.1525, 1.2853, 1.4096, 1.5253, 1.6324, 1.7308, 1.8204, 1.9013, 1.9733, 2.0363, 2.0905, 2.1356,
 2.1718, 2.199 , 2.2171, 2.2261, 8.6583, 8.6583, 8.6584, 8.6584, 8.6584, 8.6585, 8.6585, 8.6585,
 8.6585, 8.6586, 8.6586, 8.6586, 8.6586, 8.6586, 8.6586, 8.6586, 8.6655, 8.6692, 8.6728, 8.6765,
 8.6801, 8.6838, 8.6874, 8.691 , 8.6946, 8.6983, 8.7019, 8.7054, 8.709 , 8.7125, 8.7149, 8.716 ]

Bypass Diode Voltages (V):
[ 0.5925, -7.4853, -4.7779]

Bypass Diode Currents (A):
[ 7.5020e+00, -4.6321e-05, -3.6614e-03]

------------------------------------------------------------

--- Test 27 | Target Voltage: 12.1304 V ---
Total Panel Voltage : 12.1304 V
Total Panel Current : 8.6574 A
Total Power         : 105.0183 W

Cell Voltages (V):
[-10.    ,   0.6329,   0.6319,   0.6309,   0.6301,   0.6292,   0.6285,   0.6278,   0.6272,   0.6266,
   0.6262,   0.6258,   0.6255,   0.6252,   0.6251,   0.625 ,   0.4683,   0.4683,   0.4683,   0.4683,
   0.4682,   0.4682,   0.4682,   0.4682,   0.4682,   0.4682,   0.4682,   0.4682,   0.4682,   0.4682,
   0.4682,   0.4681,   0.4645,   0.4623,   0.46  ,   0.4574,   0.4546,   0.4514,   0.4478,   0.4437,
   0.4388,   0.4329,   0.4254,   0.4149,   0.3976,   0.2396,  -0.2626,  -0.5072]

Cell Currents (A):
[1.1525, 1.2853, 1.4096, 1.5253, 1.6324, 1.7308, 1.8204, 1.9013, 1.9732, 2.0363, 2.0905, 2.1356,
 2.1718, 2.1989, 2.2171, 2.2261, 8.6575, 8.6576, 8.6576, 8.6576, 8.6577, 8.6577, 8.6577, 8.6578,
 8.6578, 8.6578, 8.6578, 8.6578, 8.6579, 8.6579, 8.6579, 8.6579, 8.6647, 8.6684, 8.6721, 8.6757,
 8.6794, 8.683 , 8.6866, 8.6903, 8.6939, 8.6975, 8.7011, 8.7047, 8.7083, 8.7118, 8.7142, 8.7154]

Bypass Diode Voltages (V):
[ 0.5925, -7.4914, -5.2211]

Bypass Diode Currents (A):
[ 7.5012e+00, -4.6791e-05, -3.6613e-03]

------------------------------------------------------------

--- Test 28 | Target Voltage: 12.5797 V ---
Total Panel Voltage : 12.5797 V
Total Panel Current : 8.6555 A
Total Power         : 108.8831 W

Cell Voltages (V):
[-10.    ,   0.6329,   0.6319,   0.6309,   0.6301,   0.6292,   0.6285,   0.6278,   0.6272,   0.6266,
   0.6262,   0.6258,   0.6255,   0.6252,   0.6251,   0.625 ,   0.4693,   0.4692,   0.4692,   0.4692,
   0.4692,   0.4691,   0.4691,   0.4691,   0.4691,   0.4691,   0.4691,   0.469 ,   0.469 ,   0.469 ,
   0.469 ,   0.469 ,   0.4656,   0.4635,   0.4613,   0.4589,   0.4562,   0.4533,   0.45  ,   0.4462,
   0.4419,   0.4367,   0.4303,   0.422 ,   0.41  ,   0.3881,  -0.0902,  -0.4378]

Cell Currents (A):
[1.1525, 1.2853, 1.4096, 1.5253, 1.6324, 1.7308, 1.8204, 1.9012, 1.9732, 2.0363, 2.0904, 2.1356,
 2.1717, 2.1989, 2.217 , 2.226 , 8.6556, 8.6556, 8.6557, 8.6558, 8.6558, 8.6558, 8.6559, 8.6559,
 8.656 , 8.656 , 8.656 , 8.656 , 8.656 , 8.6561, 8.6561, 8.6561, 8.6627, 8.6664, 8.67  , 8.6737,
 8.6773, 8.6809, 8.6845, 8.6881, 8.6917, 8.6953, 8.6988, 8.7024, 8.7059, 8.7094, 8.7128, 8.7145]

Bypass Diode Voltages (V):
[ 0.5925, -7.5058, -5.656 ]

Bypass Diode Currents (A):
[ 7.4993e+00, -6.4350e-05, -3.6445e-03]

------------------------------------------------------------

--- Test 29 | Target Voltage: 13.0290 V ---
Total Panel Voltage : 13.0290 V
Total Panel Current : 8.6543 A
Total Power         : 112.7573 W

Cell Voltages (V):
[-10.    ,   0.6329,   0.6319,   0.6309,   0.6301,   0.6292,   0.6285,   0.6278,   0.6272,   0.6266,
   0.6262,   0.6258,   0.6255,   0.6252,   0.6251,   0.625 ,   0.4698,   0.4698,   0.4697,   0.4697,
   0.4697,   0.4697,   0.4696,   0.4696,   0.4696,   0.4696,   0.4696,   0.4696,   0.4696,   0.4696,
   0.4696,   0.4696,   0.4662,   0.4642,   0.462 ,   0.4597,   0.4571,   0.4542,   0.451 ,   0.4474,
   0.4433,   0.4384,   0.4324,   0.4248,   0.4143,   0.3969,   0.1181,  -0.2333]

Cell Currents (A):
[1.1525, 1.2853, 1.4096, 1.5253, 1.6324, 1.7307, 1.8204, 1.9012, 1.9731, 2.0362, 2.0904, 2.1355,
 2.1717, 2.1988, 2.217 , 2.226 , 8.6545, 8.6545, 8.6546, 8.6546, 8.6547, 8.6547, 8.6548, 8.6548,
 8.6548, 8.6549, 8.6549, 8.6549, 8.6549, 8.6549, 8.6549, 8.6549, 8.6616, 8.6653, 8.6689, 8.6725,
 8.6762, 8.6798, 8.6834, 8.687 , 8.6906, 8.6942, 8.6978, 8.7013, 8.7048, 8.7083, 8.7118, 8.7135]

Bypass Diode Voltages (V):
[ 0.5925, -7.5143, -6.0967]

Bypass Diode Currents (A):
[ 7.4982e+00, -6.3675e-05, -3.6456e-03]

------------------------------------------------------------

--- Test 30 | Target Voltage: 13.4783 V ---
Total Panel Voltage : 13.4783 V
Total Panel Current : 8.6522 A
Total Power         : 116.6172 W

Cell Voltages (V):
[-10.    ,   0.6329,   0.6319,   0.6309,   0.6301,   0.6292,   0.6285,   0.6278,   0.6272,   0.6266,
   0.6262,   0.6258,   0.6255,   0.6252,   0.6251,   0.625 ,   0.4707,   0.4707,   0.4706,   0.4706,
   0.4705,   0.4705,   0.4705,   0.4704,   0.4704,   0.4704,   0.4704,   0.4703,   0.4703,   0.4703,
   0.4703,   0.4703,   0.4674,   0.4655,   0.4634,   0.4612,   0.4588,   0.4562,   0.4533,   0.4501,
   0.4465,   0.4423,   0.4374,   0.4315,   0.4239,   0.4135,   0.3965,  -0.1346]

Cell Currents (A):
[1.1525, 1.2853, 1.4095, 1.5253, 1.6323, 1.7307, 1.8203, 1.9011, 1.9731, 2.0362, 2.0903, 2.1355,
 2.1716, 2.1988, 2.2169, 2.2259, 8.6525, 8.6526, 8.6527, 8.6528, 8.6529, 8.6529, 8.653 , 8.6531,
 8.6531, 8.6532, 8.6532, 8.6533, 8.6533, 8.6533, 8.6533, 8.6533, 8.6594, 8.663 , 8.6666, 8.6702,
 8.6737, 8.6773, 8.6808, 8.6843, 8.6878, 8.6913, 8.6948, 8.6982, 8.7017, 8.705 , 8.7083, 8.7116]

Bypass Diode Voltages (V):
[ 0.5925, -7.5272, -6.5331]

Bypass Diode Currents (A):
[ 7.4961e+00, -1.1505e-04, -3.5950e-03]

------------------------------------------------------------

--- Test 31 | Target Voltage: 13.9275 V ---
Total Panel Voltage : 13.9275 V
Total Panel Current : 8.6507 A
Total Power         : 120.4825 W

Cell Voltages (V):
[-10.    ,   0.6329,   0.6319,   0.6309,   0.6301,   0.6292,   0.6285,   0.6278,   0.6272,   0.6266,
   0.6262,   0.6258,   0.6255,   0.6252,   0.6251,   0.625 ,   0.4714,   0.4713,   0.4713,   0.4712,
   0.4712,   0.4712,   0.4711,   0.4711,   0.4711,   0.471 ,   0.471 ,   0.471 ,   0.471 ,   0.471 ,
   0.471 ,   0.471 ,   0.4682,   0.4663,   0.4644,   0.4623,   0.46  ,   0.4575,   0.4548,   0.4518,
   0.4484,   0.4446,   0.4401,   0.4349,   0.4284,   0.4199,   0.4077,   0.2626]

Cell Currents (A):
[1.1525, 1.2853, 1.4095, 1.5252, 1.6323, 1.7307, 1.8203, 1.9011, 1.973 , 2.0361, 2.0902, 2.1354,
 2.1716, 2.1987, 2.2168, 2.2259, 8.6509, 8.6511, 8.6512, 8.6513, 8.6514, 8.6515, 8.6516, 8.6516,
 8.6517, 8.6518, 8.6518, 8.6518, 8.6519, 8.6519, 8.6519, 8.6519, 8.6578, 8.6614, 8.665 , 8.6685,
 8.672 , 8.6756, 8.6791, 8.6826, 8.6861, 8.6895, 8.693 , 8.6964, 8.6998, 8.7031, 8.7064, 8.7096]

Bypass Diode Voltages (V):
[ 0.5925, -7.5377, -6.9719]

Bypass Diode Currents (A):
[ 7.4945e+00, -1.3200e-04, -3.5787e-03]

------------------------------------------------------------

--- Test 32 | Target Voltage: 14.3768 V ---
Total Panel Voltage : 14.3768 V
Total Panel Current : 8.6459 A
Total Power         : 124.2998 W

Cell Voltages (V):
[-10.    ,   0.6329,   0.6319,   0.6309,   0.6301,   0.6292,   0.6285,   0.6278,   0.6272,   0.6266,
   0.6262,   0.6258,   0.6255,   0.6252,   0.6251,   0.625 ,   0.472 ,   0.4712,   0.4704,   0.4697,
   0.469 ,   0.4684,   0.4678,   0.4672,   0.4667,   0.4662,   0.4658,   0.4655,   0.4652,   0.465 ,
   0.4648,   0.4647,   0.472 ,   0.4712,   0.4704,   0.4697,   0.469 ,   0.4684,   0.4678,   0.4672,
   0.4667,   0.4662,   0.4658,   0.4654,   0.4652,   0.4649,   0.4648,   0.4647]

Cell Currents (A):
[1.1525, 1.2852, 1.4095, 1.5252, 1.6322, 1.7306, 1.8202, 1.901 , 1.9729, 2.036 , 2.0901, 2.1353,
 2.1714, 2.1986, 2.2167, 2.2257, 8.6496, 8.6513, 8.653 , 8.6545, 8.656 , 8.6573, 8.6585, 8.6596,
 8.6606, 8.6615, 8.6623, 8.6629, 8.6634, 8.6638, 8.664 , 8.6642, 8.6496, 8.6513, 8.653 , 8.6545,
 8.656 , 8.6573, 8.6586, 8.6597, 8.6607, 8.6615, 8.6623, 8.6629, 8.6634, 8.6638, 8.6641, 8.6642]

Bypass Diode Voltages (V):
[ 0.5925, -7.4795, -7.4793]

Bypass Diode Currents (A):
[ 7.4897e+00, -1.8548e-03, -1.8571e-03]

------------------------------------------------------------

--- Test 33 | Target Voltage: 14.8261 V ---
Total Panel Voltage : 14.8261 V
Total Panel Current : 8.6100 A
Total Power         : 127.6532 W

Cell Voltages (V):
[-10.    ,   0.6329,   0.6319,   0.6309,   0.6301,   0.6292,   0.6285,   0.6278,   0.6272,   0.6267,
   0.6262,   0.6258,   0.6255,   0.6253,   0.6251,   0.625 ,   0.4842,   0.4837,   0.4833,   0.4828,
   0.4824,   0.482 ,   0.4816,   0.4813,   0.481 ,   0.4807,   0.4805,   0.4803,   0.4802,   0.48  ,
   0.48  ,   0.4799,   0.4842,   0.4837,   0.4833,   0.4828,   0.4824,   0.482 ,   0.4816,   0.4813,
   0.481 ,   0.4807,   0.4805,   0.4803,   0.4802,   0.48  ,   0.48  ,   0.4799]

Cell Currents (A):
[1.1523, 1.285 , 1.4091, 1.5247, 1.6316, 1.7298, 1.8194, 1.9001, 1.9719, 2.0349, 2.089 , 2.1341,
 2.1702, 2.1973, 2.2154, 2.2245, 8.6138, 8.6155, 8.6172, 8.6187, 8.6201, 8.6215, 8.6227, 8.6238,
 8.6247, 8.6256, 8.6263, 8.6269, 8.6274, 8.6278, 8.628 , 8.6281, 8.6138, 8.6155, 8.6172, 8.6187,
 8.6201, 8.6215, 8.6227, 8.6238, 8.6247, 8.6256, 8.6263, 8.6269, 8.6274, 8.6278, 8.628 , 8.6281]

Bypass Diode Voltages (V):
[ 0.5923, -7.704 , -7.704 ]

Bypass Diode Currents (A):
[ 7.4540e+00, -1.8627e-03, -1.8627e-03]

------------------------------------------------------------

--- Test 34 | Target Voltage: 15.2754 V ---
Total Panel Voltage : 15.2754 V
Total Panel Current : 8.5502 A
Total Power         : 130.6067 W

Cell Voltages (V):
[-10.    ,   0.6329,   0.6319,   0.631 ,   0.6301,   0.6293,   0.6285,   0.6278,   0.6272,   0.6267,
   0.6262,   0.6258,   0.6255,   0.6253,   0.6251,   0.625 ,   0.4972,   0.4969,   0.4966,   0.4963,
   0.4961,   0.4958,   0.4956,   0.4954,   0.4952,   0.4951,   0.4949,   0.4948,   0.4947,   0.4947,
   0.4946,   0.4946,   0.4972,   0.4969,   0.4966,   0.4963,   0.4961,   0.4958,   0.4956,   0.4954,
   0.4952,   0.4951,   0.4949,   0.4948,   0.4947,   0.4947,   0.4946,   0.4946]

Cell Currents (A):
[1.1521, 1.2845, 1.4084, 1.5238, 1.6305, 1.7286, 1.818 , 1.8985, 1.9703, 2.0332, 2.0871, 2.1322,
 2.1682, 2.1953, 2.2133, 2.2224, 8.5539, 8.5557, 8.5573, 8.5589, 8.5603, 8.5616, 8.5628, 8.5639,
 8.5648, 8.5657, 8.5664, 8.567 , 8.5675, 8.5678, 8.5681, 8.5682, 8.5539, 8.5557, 8.5573, 8.5589,
 8.5603, 8.5616, 8.5628, 8.5639, 8.5648, 8.5657, 8.5664, 8.567 , 8.5675, 8.5678, 8.5681, 8.5682]

Bypass Diode Voltages (V):
[ 0.5921, -7.9285, -7.9285]

Bypass Diode Currents (A):
[ 7.3943e+00, -1.8742e-03, -1.8742e-03]

------------------------------------------------------------

--- Test 35 | Target Voltage: 15.7246 V ---
Total Panel Voltage : 15.7246 V
Total Panel Current : 8.4513 A
Total Power         : 132.8943 W

Cell Voltages (V):
[-10.    ,   0.6329,   0.6319,   0.631 ,   0.6301,   0.6293,   0.6285,   0.6278,   0.6272,   0.6267,
   0.6262,   0.6259,   0.6255,   0.6253,   0.6252,   0.6251,   0.5106,   0.5104,   0.5102,   0.51  ,
   0.5099,   0.5097,   0.5096,   0.5095,   0.5094,   0.5093,   0.5092,   0.5091,   0.5091,   0.509 ,
   0.509 ,   0.509 ,   0.5106,   0.5104,   0.5102,   0.51  ,   0.5099,   0.5097,   0.5096,   0.5095,
   0.5094,   0.5093,   0.5092,   0.5091,   0.5091,   0.509 ,   0.509 ,   0.509 ]

Cell Currents (A):
[1.1518, 1.2838, 1.4073, 1.5223, 1.6288, 1.7266, 1.8156, 1.896 , 1.9675, 2.0302, 2.084 , 2.1289,
 2.1648, 2.1918, 2.2098, 2.2188, 8.4551, 8.4569, 8.4586, 8.4601, 8.4615, 8.4629, 8.4641, 8.4651,
 8.4661, 8.4669, 8.4677, 8.4683, 8.4688, 8.4691, 8.4694, 8.4695, 8.4551, 8.4569, 8.4586, 8.4601,
 8.4615, 8.4629, 8.4641, 8.4651, 8.4661, 8.4669, 8.4677, 8.4683, 8.4688, 8.4691, 8.4694, 8.4695]

Bypass Diode Voltages (V):
[ 0.5918, -8.153 , -8.153 ]

Bypass Diode Currents (A):
[ 7.2958e+00, -1.8936e-03, -1.8936e-03]

------------------------------------------------------------

--- Test 36 | Target Voltage: 16.1739 V ---
Total Panel Voltage : 16.1739 V
Total Panel Current : 8.2911 A
Total Power         : 134.1004 W

Cell Voltages (V):
[-10.    ,   0.6329,   0.6319,   0.631 ,   0.6301,   0.6293,   0.6286,   0.6279,   0.6273,   0.6267,
   0.6263,   0.6259,   0.6256,   0.6254,   0.6252,   0.6251,   0.5242,   0.5241,   0.524 ,   0.5239,
   0.5238,   0.5237,   0.5236,   0.5235,   0.5235,   0.5234,   0.5234,   0.5233,   0.5233,   0.5233,
   0.5232,   0.5232,   0.5242,   0.5241,   0.524 ,   0.5239,   0.5238,   0.5237,   0.5236,   0.5235,
   0.5235,   0.5234,   0.5234,   0.5233,   0.5233,   0.5233,   0.5232,   0.5232]

Cell Currents (A):
[1.1512, 1.2826, 1.4055, 1.52  , 1.6259, 1.7232, 1.8118, 1.8918, 1.9629, 2.0253, 2.0789, 2.1235,
 2.1593, 2.1861, 2.204 , 2.213 , 8.295 , 8.2968, 8.2985, 8.3001, 8.3015, 8.3029, 8.3041, 8.3052,
 8.3061, 8.307 , 8.3077, 8.3083, 8.3088, 8.3092, 8.3094, 8.3095, 8.295 , 8.2968, 8.2985, 8.3001,
 8.3015, 8.3029, 8.3041, 8.3052, 8.3061, 8.307 , 8.3077, 8.3083, 8.3088, 8.3092, 8.3094, 8.3095]

Bypass Diode Voltages (V):
[ 0.5912, -8.3774, -8.3774]

Bypass Diode Currents (A):
[ 7.1361e+00, -1.9259e-03, -1.9259e-03]

------------------------------------------------------------

--- Test 37 | Target Voltage: 16.6232 V ---
Total Panel Voltage : 16.6232 V
Total Panel Current : 8.0381 A
Total Power         : 133.6184 W

Cell Voltages (V):
[-10.    ,   0.633 ,   0.632 ,   0.631 ,   0.6301,   0.6293,   0.6286,   0.6279,   0.6273,   0.6268,
   0.6264,   0.626 ,   0.6257,   0.6254,   0.6253,   0.6252,   0.538 ,   0.5379,   0.5379,   0.5378,
   0.5377,   0.5377,   0.5376,   0.5376,   0.5375,   0.5375,   0.5374,   0.5374,   0.5374,   0.5374,
   0.5374,   0.5374,   0.538 ,   0.5379,   0.5379,   0.5378,   0.5377,   0.5377,   0.5376,   0.5376,
   0.5375,   0.5375,   0.5374,   0.5374,   0.5374,   0.5374,   0.5374,   0.5374]

Cell Currents (A):
[1.1503, 1.2806, 1.4025, 1.5161, 1.6211, 1.7177, 1.8056, 1.8849, 1.9555, 2.0174, 2.0705, 2.1148,
 2.1502, 2.1769, 2.1946, 2.2035, 8.042 , 8.0439, 8.0456, 8.0472, 8.0487, 8.0501, 8.0513, 8.0524,
 8.0534, 8.0543, 8.0551, 8.0557, 8.0562, 8.0566, 8.0568, 8.0569, 8.042 , 8.0439, 8.0456, 8.0472,
 8.0487, 8.0501, 8.0513, 8.0524, 8.0534, 8.0543, 8.0551, 8.0557, 8.0562, 8.0566, 8.0568, 8.0569]

Bypass Diode Voltages (V):
[ 0.5902, -8.6016, -8.6016]

Bypass Diode Currents (A):
[ 6.8838e+00, -1.9796e-03, -1.9796e-03]

------------------------------------------------------------

--- Test 38 | Target Voltage: 17.0725 V ---
Total Panel Voltage : 17.0725 V
Total Panel Current : 7.6524 A
Total Power         : 130.6464 W

Cell Voltages (V):
[-10.    ,   0.633 ,   0.632 ,   0.6311,   0.6302,   0.6294,   0.6287,   0.628 ,   0.6274,   0.6269,
   0.6265,   0.6261,   0.6258,   0.6256,   0.6254,   0.6253,   0.5519,   0.5518,   0.5518,   0.5517,
   0.5517,   0.5516,   0.5516,   0.5516,   0.5515,   0.5515,   0.5515,   0.5515,   0.5515,   0.5514,
   0.5514,   0.5514,   0.5519,   0.5518,   0.5518,   0.5517,   0.5517,   0.5516,   0.5516,   0.5516,
   0.5515,   0.5515,   0.5515,   0.5515,   0.5515,   0.5514,   0.5514,   0.5514]

Cell Currents (A):
[1.1488, 1.2774, 1.3978, 1.5099, 1.6136, 1.7089, 1.7956, 1.8739, 1.9436, 2.0046, 2.057 , 2.1008,
 2.1358, 2.1621, 2.1796, 2.1884, 7.6566, 7.6585, 7.6603, 7.662 , 7.6636, 7.665 , 7.6663, 7.6675,
 7.6685, 7.6694, 7.6702, 7.6708, 7.6713, 7.6717, 7.672 , 7.6721, 7.6566, 7.6585, 7.6603, 7.662 ,
 7.6636, 7.665 , 7.6663, 7.6675, 7.6685, 7.6694, 7.6702, 7.6708, 7.6713, 7.6717, 7.672 , 7.6721]

Bypass Diode Voltages (V):
[ 0.5887, -8.8255, -8.8255]

Bypass Diode Currents (A):
[ 6.4995e+00, -2.0682e-03, -2.0682e-03]

------------------------------------------------------------

--- Test 39 | Target Voltage: 17.5217 V ---
Total Panel Voltage : 17.5218 V
Total Panel Current : 7.0919 A
Total Power         : 124.2637 W

Cell Voltages (V):
[-10.    ,   0.633 ,   0.6321,   0.6312,   0.6303,   0.6295,   0.6288,   0.6282,   0.6276,   0.6271,
   0.6266,   0.6263,   0.626 ,   0.6258,   0.6256,   0.6255,   0.5658,   0.5658,   0.5657,   0.5657,
   0.5656,   0.5656,   0.5656,   0.5656,   0.5655,   0.5655,   0.5655,   0.5655,   0.5655,   0.5655,
   0.5654,   0.5654,   0.5658,   0.5658,   0.5657,   0.5657,   0.5656,   0.5656,   0.5656,   0.5656,
   0.5655,   0.5655,   0.5655,   0.5655,   0.5655,   0.5655,   0.5654,   0.5654]

Cell Currents (A):
[1.1464, 1.2725, 1.3904, 1.5002, 1.6018, 1.6951, 1.7801, 1.8567, 1.9249, 1.9847, 2.036 , 2.0789,
 2.1131, 2.1389, 2.156 , 2.1646, 7.0964, 7.0984, 7.1004, 7.1022, 7.1039, 7.1054, 7.1068, 7.108 ,
 7.1091, 7.1101, 7.1109, 7.1116, 7.1122, 7.1126, 7.1129, 7.113 , 7.0964, 7.0984, 7.1004, 7.1022,
 7.1039, 7.1054, 7.1068, 7.108 , 7.1091, 7.1101, 7.1109, 7.1116, 7.1122, 7.1126, 7.1129, 7.113 ]

Bypass Diode Voltages (V):
[ 0.5863, -9.0491, -9.0491]

Bypass Diode Currents (A):
[ 5.9411e+00, -2.2142e-03, -2.2142e-03]

------------------------------------------------------------

--- Test 40 | Target Voltage: 17.9710 V ---
Total Panel Voltage : 17.9711 V
Total Panel Current : 6.3212 A
Total Power         : 113.5998 W

Cell Voltages (V):
[-10.    ,   0.6331,   0.6321,   0.6313,   0.6305,   0.6297,   0.629 ,   0.6284,   0.6278,   0.6273,
   0.6269,   0.6266,   0.6263,   0.6261,   0.6259,   0.6259,   0.5797,   0.5797,   0.5796,   0.5796,
   0.5796,   0.5795,   0.5795,   0.5795,   0.5795,   0.5795,   0.5794,   0.5794,   0.5794,   0.5794,
   0.5794,   0.5794,   0.5797,   0.5797,   0.5796,   0.5796,   0.5796,   0.5795,   0.5795,   0.5795,
   0.5795,   0.5795,   0.5794,   0.5794,   0.5794,   0.5794,   0.5794,   0.5794]

Cell Currents (A):
[1.1429, 1.2648, 1.379 , 1.4852, 1.5835, 1.6738, 1.756 , 1.8301, 1.8961, 1.954 , 2.0036, 2.045 ,
 2.0782, 2.1031, 2.1197, 2.128 , 6.3262, 6.3285, 6.3306, 6.3326, 6.3345, 6.3361, 6.3377, 6.3391,
 6.3403, 6.3414, 6.3423, 6.3431, 6.3437, 6.3441, 6.3445, 6.3446, 6.3262, 6.3285, 6.3306, 6.3326,
 6.3345, 6.3361, 6.3377, 6.3391, 6.3403, 6.3414, 6.3423, 6.3431, 6.3437, 6.3441, 6.3445, 6.3446]

Bypass Diode Voltages (V):
[ 0.5826, -9.2721, -9.2721]

Bypass Diode Currents (A):
[ 5.1735e+00, -2.4572e-03, -2.4572e-03]

------------------------------------------------------------

--- Test 41 | Target Voltage: 18.4203 V ---
Total Panel Voltage : 18.4204 V
Total Panel Current : 5.3219 A
Total Power         : 98.0321 W

Cell Voltages (V):
[-10.    ,   0.6332,   0.6323,   0.6315,   0.6307,   0.63  ,   0.6293,   0.6287,   0.6282,   0.6278,
   0.6274,   0.627 ,   0.6268,   0.6266,   0.6264,   0.6263,   0.5936,   0.5935,   0.5935,   0.5935,
   0.5934,   0.5934,   0.5934,   0.5934,   0.5934,   0.5933,   0.5933,   0.5933,   0.5933,   0.5933,
   0.5933,   0.5933,   0.5936,   0.5935,   0.5935,   0.5935,   0.5934,   0.5934,   0.5934,   0.5934,
   0.5934,   0.5933,   0.5933,   0.5933,   0.5933,   0.5933,   0.5933,   0.5933]

Cell Currents (A):
[1.1374, 1.2531, 1.3614, 1.4621, 1.5553, 1.6408, 1.7188, 1.789 , 1.8516, 1.9064, 1.9534, 1.9926,
 2.0241, 2.0476, 2.0633, 2.0712, 5.3277, 5.3304, 5.3329, 5.3352, 5.3374, 5.3394, 5.3412, 5.3428,
 5.3442, 5.3455, 5.3466, 5.3475, 5.3482, 5.3487, 5.3491, 5.3493, 5.3277, 5.3304, 5.3329, 5.3352,
 5.3374, 5.3394, 5.3412, 5.3428, 5.3442, 5.3455, 5.3466, 5.3475, 5.3482, 5.3487, 5.3491, 5.3493]

Bypass Diode Voltages (V):
[ 0.5769, -9.4942, -9.4942]

Bypass Diode Currents (A):
[ 4.1787e+00, -2.8782e-03, -2.8782e-03]

------------------------------------------------------------

--- Test 42 | Target Voltage: 18.8696 V ---
Total Panel Voltage : 18.8698 V
Total Panel Current : 4.0974 A
Total Power         : 77.3177 W

Cell Voltages (V):
[-10.    ,   0.6333,   0.6325,   0.6318,   0.6311,   0.6304,   0.6298,   0.6293,   0.6288,   0.6284,
   0.628 ,   0.6277,   0.6275,   0.6273,   0.6272,   0.6271,   0.6074,   0.6073,   0.6073,   0.6073,
   0.6072,   0.6072,   0.6072,   0.6072,   0.6071,   0.6071,   0.6071,   0.6071,   0.6071,   0.6071,
   0.6071,   0.6071,   0.6074,   0.6073,   0.6073,   0.6073,   0.6072,   0.6072,   0.6072,   0.6072,
   0.6071,   0.6071,   0.6071,   0.6071,   0.6071,   0.6071,   0.6071,   0.6071]

Cell Currents (A):
[1.1288, 1.2343, 1.3329, 1.4247, 1.5096, 1.5875, 1.6585, 1.7225, 1.7794, 1.8293, 1.8721, 1.9078,
 1.9364, 1.9578, 1.9721, 1.9793, 4.1048, 4.1083, 4.1115, 4.1145, 4.1172, 4.1198, 4.1221, 4.1241,
 4.126 , 4.1276, 4.129 , 4.1301, 4.1311, 4.1317, 4.1322, 4.1324, 4.1048, 4.1083, 4.1115, 4.1145,
 4.1172, 4.1198, 4.1221, 4.1241, 4.126 , 4.1276, 4.129 , 4.1301, 4.1311, 4.1317, 4.1322, 4.1324]

Bypass Diode Voltages (V):
[ 0.5677, -9.7147, -9.7147]

Bypass Diode Currents (A):
[ 2.9613, -0.0037, -0.0037]

------------------------------------------------------------

--- Test 43 | Target Voltage: 19.3188 V ---
Total Panel Voltage : 19.3192 V
Total Panel Current : 2.6753 A
Total Power         : 51.6839 W

Cell Voltages (V):
[-10.    ,   0.6336,   0.633 ,   0.6324,   0.6318,   0.6313,   0.6308,   0.6304,   0.63  ,   0.6296,
   0.6293,   0.6291,   0.6289,   0.6288,   0.6287,   0.6286,   0.621 ,   0.6209,   0.6209,   0.6208,
   0.6208,   0.6208,   0.6207,   0.6207,   0.6207,   0.6207,   0.6206,   0.6206,   0.6206,   0.6206,
   0.6206,   0.6206,   0.621 ,   0.6209,   0.6209,   0.6208,   0.6208,   0.6208,   0.6207,   0.6207,
   0.6207,   0.6207,   0.6206,   0.6206,   0.6206,   0.6206,   0.6206,   0.6206]

Cell Currents (A):
[1.1132, 1.1991, 1.2795, 1.3542, 1.4233, 1.4867, 1.5445, 1.5965, 1.6428, 1.6833, 1.7181, 1.7471,
 1.7703, 1.7877, 1.7994, 1.8052, 2.6865, 2.6918, 2.6967, 2.7013, 2.7055, 2.7094, 2.7129, 2.7161,
 2.7189, 2.7213, 2.7234, 2.7252, 2.7266, 2.7277, 2.7284, 2.7287, 2.6865, 2.6918, 2.6967, 2.7013,
 2.7055, 2.7094, 2.7129, 2.7161, 2.7189, 2.7213, 2.7234, 2.7252, 2.7266, 2.7277, 2.7284, 2.7287]

Bypass Diode Voltages (V):
[ 0.5504, -9.9316, -9.9316]

Bypass Diode Currents (A):
[ 1.5508, -0.0056, -0.0056]

------------------------------------------------------------

--- Test 44 | Target Voltage: 19.7681 V ---
Total Panel Voltage : 19.7687 V
Total Panel Current : 1.2259 A
Total Power         : 24.2354 W

Cell Voltages (V):
[-10.    ,   0.6347,   0.6346,   0.6345,   0.6344,   0.6343,   0.6342,   0.6341,   0.6341,   0.634 ,
   0.6339,   0.6339,   0.6339,   0.6338,   0.6338,   0.6338,   0.6333,   0.6332,   0.6332,   0.6331,
   0.6331,   0.6331,   0.633 ,   0.633 ,   0.633 ,   0.6329,   0.6329,   0.6329,   0.6329,   0.6329,
   0.6329,   0.6329,   0.6333,   0.6332,   0.6332,   0.6331,   0.6331,   0.6331,   0.633 ,   0.633 ,
   0.633 ,   0.6329,   0.6329,   0.6329,   0.6329,   0.6329,   0.6329,   0.6329]

Cell Currents (A):
[1.0462, 1.0624, 1.0775, 1.0916, 1.1046, 1.1165, 1.1273, 1.137 , 1.1457, 1.1533, 1.1598, 1.1652,
 1.1695, 1.1728, 1.1749, 1.176 , 1.24  , 1.2466, 1.2527, 1.2584, 1.2637, 1.2685, 1.2729, 1.2768,
 1.2803, 1.2834, 1.286 , 1.2882, 1.29  , 1.2913, 1.2922, 1.2926, 1.24  , 1.2466, 1.2527, 1.2584,
 1.2637, 1.2685, 1.2729, 1.2768, 1.2803, 1.2834, 1.286 , 1.2882, 1.29  , 1.2913, 1.2922, 1.2926]

Bypass Diode Voltages (V):
[  0.4887, -10.1283, -10.1283]

Bypass Diode Currents (A):
[ 0.1657, -0.007 , -0.007 ]

------------------------------------------------------------

--- Test 45 | Target Voltage: 20.2174 V ---
Total Panel Voltage : 20.2174 V
Total Panel Current : 1.0157 A
Total Power         : 20.5346 W

Cell Voltages (V):
[-9.6326,  0.6351,  0.6351,  0.6351,  0.6351,  0.6351,  0.6351,  0.6351,  0.6351,  0.6351,  0.6351,
  0.6351,  0.6351,  0.6351,  0.6351,  0.6351,  0.6351,  0.6351,  0.6351,  0.6351,  0.6351,  0.6351,
  0.6351,  0.6351,  0.6351,  0.6351,  0.6351,  0.6351,  0.6351,  0.6351,  0.6351,  0.6351,  0.6351,
  0.6351,  0.6351,  0.6351,  0.6351,  0.6351,  0.6351,  0.6351,  0.6351,  0.6351,  0.6351,  0.6351,
  0.6351,  0.6351,  0.6351,  0.6351]

Cell Currents (A):
[1.0157, 1.0157, 1.0157, 1.0157, 1.0157, 1.0157, 1.0157, 1.0157, 1.0157, 1.0157, 1.0157, 1.0157,
 1.0157, 1.0157, 1.0157, 1.0157, 1.0157, 1.0157, 1.0157, 1.0157, 1.0157, 1.0157, 1.0157, 1.0157,
 1.0157, 1.0157, 1.0157, 1.0157, 1.0157, 1.0157, 1.0157, 1.0157, 1.0157, 1.0157, 1.0157, 1.0157,
 1.0157, 1.0157, 1.0157, 1.0157, 1.0157, 1.0157, 1.0157, 1.0157, 1.0157, 1.0157, 1.0157, 1.0157]

Bypass Diode Voltages (V):
[  0.106 , -10.1617, -10.1617]

Bypass Diode Currents (A):
[ 8.4311e-08, -1.6000e-09, -1.6000e-09]

------------------------------------------------------------

--- Test 46 | Target Voltage: 20.6667 V ---
Total Panel Voltage : 20.6667 V
Total Panel Current : 1.0153 A
Total Power         : 20.9839 W

Cell Voltages (V):
[-9.1834,  0.6351,  0.6351,  0.6351,  0.6351,  0.6351,  0.6351,  0.6351,  0.6351,  0.6351,  0.6351,
  0.6351,  0.6351,  0.6351,  0.6351,  0.6351,  0.6351,  0.6351,  0.6351,  0.6351,  0.6351,  0.6351,
  0.6351,  0.6351,  0.6351,  0.6351,  0.6351,  0.6351,  0.6351,  0.6351,  0.6351,  0.6351,  0.6351,
  0.6351,  0.6351,  0.6351,  0.6351,  0.6351,  0.6351,  0.6351,  0.6351,  0.6351,  0.6351,  0.6351,
  0.6351,  0.6351,  0.6351,  0.6351]

Cell Currents (A):
[1.0153, 1.0153, 1.0153, 1.0153, 1.0153, 1.0153, 1.0153, 1.0153, 1.0153, 1.0153, 1.0153, 1.0153,
 1.0153, 1.0153, 1.0153, 1.0153, 1.0153, 1.0153, 1.0153, 1.0153, 1.0153, 1.0153, 1.0153, 1.0153,
 1.0153, 1.0153, 1.0153, 1.0153, 1.0153, 1.0153, 1.0153, 1.0153, 1.0153, 1.0153, 1.0153, 1.0153,
 1.0153, 1.0153, 1.0153, 1.0153, 1.0153, 1.0153, 1.0153, 1.0153, 1.0153, 1.0153, 1.0153, 1.0153]

Bypass Diode Voltages (V):
[ -0.3432, -10.1617, -10.1617]

Bypass Diode Currents (A):
[-1.6e-09, -1.6e-09, -1.6e-09]

------------------------------------------------------------

--- Test 47 | Target Voltage: 21.1159 V ---
Total Panel Voltage : 21.1159 V
Total Panel Current : 1.0150 A
Total Power         : 21.4328 W

Cell Voltages (V):
[-8.7343,  0.6351,  0.6351,  0.6351,  0.6351,  0.6351,  0.6351,  0.6351,  0.6351,  0.6351,  0.6351,
  0.6351,  0.6351,  0.6351,  0.6351,  0.6351,  0.6351,  0.6351,  0.6351,  0.6351,  0.6351,  0.6351,
  0.6351,  0.6351,  0.6351,  0.6351,  0.6351,  0.6351,  0.6351,  0.6351,  0.6351,  0.6351,  0.6351,
  0.6351,  0.6351,  0.6351,  0.6351,  0.6351,  0.6351,  0.6351,  0.6351,  0.6351,  0.6351,  0.6351,
  0.6351,  0.6351,  0.6351,  0.6351]

Cell Currents (A):
[1.015, 1.015, 1.015, 1.015, 1.015, 1.015, 1.015, 1.015, 1.015, 1.015, 1.015, 1.015, 1.015, 1.015,
 1.015, 1.015, 1.015, 1.015, 1.015, 1.015, 1.015, 1.015, 1.015, 1.015, 1.015, 1.015, 1.015, 1.015,
 1.015, 1.015, 1.015, 1.015, 1.015, 1.015, 1.015, 1.015, 1.015, 1.015, 1.015, 1.015, 1.015, 1.015,
 1.015, 1.015, 1.015, 1.015, 1.015, 1.015]

Bypass Diode Voltages (V):
[ -0.7924, -10.1618, -10.1618]

Bypass Diode Currents (A):
[-1.6e-09, -1.6e-09, -1.6e-09]

------------------------------------------------------------

--- Test 48 | Target Voltage: 21.5652 V ---
Total Panel Voltage : 21.5652 V
Total Panel Current : 1.0147 A
Total Power         : 21.8814 W

Cell Voltages (V):
[-8.2851,  0.6351,  0.6351,  0.6351,  0.6351,  0.6351,  0.6351,  0.6351,  0.6351,  0.6351,  0.6351,
  0.6351,  0.6351,  0.6351,  0.6351,  0.6351,  0.6351,  0.6351,  0.6351,  0.6351,  0.6351,  0.6351,
  0.6351,  0.6351,  0.6351,  0.6351,  0.6351,  0.6351,  0.6351,  0.6351,  0.6351,  0.6351,  0.6351,
  0.6351,  0.6351,  0.6351,  0.6351,  0.6351,  0.6351,  0.6351,  0.6351,  0.6351,  0.6351,  0.6351,
  0.6351,  0.6351,  0.6351,  0.6351]

Cell Currents (A):
[1.0147, 1.0147, 1.0147, 1.0147, 1.0147, 1.0147, 1.0147, 1.0147, 1.0147, 1.0147, 1.0147, 1.0147,
 1.0147, 1.0147, 1.0147, 1.0147, 1.0147, 1.0147, 1.0147, 1.0147, 1.0147, 1.0147, 1.0147, 1.0147,
 1.0147, 1.0147, 1.0147, 1.0147, 1.0147, 1.0147, 1.0147, 1.0147, 1.0147, 1.0147, 1.0147, 1.0147,
 1.0147, 1.0147, 1.0147, 1.0147, 1.0147, 1.0147, 1.0147, 1.0147, 1.0147, 1.0147, 1.0147, 1.0147]

Bypass Diode Voltages (V):
[ -1.2416, -10.1618, -10.1618]

Bypass Diode Currents (A):
[-1.6e-09, -1.6e-09, -1.6e-09]

------------------------------------------------------------

--- Test 49 | Target Voltage: 22.0145 V ---
Total Panel Voltage : 22.0145 V
Total Panel Current : 1.0143 A
Total Power         : 22.3298 W

Cell Voltages (V):
[-7.836 ,  0.6351,  0.6351,  0.6351,  0.6351,  0.6351,  0.6351,  0.6351,  0.6351,  0.6351,  0.6351,
  0.6351,  0.6351,  0.6351,  0.6351,  0.6351,  0.6351,  0.6351,  0.6351,  0.6351,  0.6351,  0.6351,
  0.6351,  0.6351,  0.6351,  0.6351,  0.6351,  0.6351,  0.6351,  0.6351,  0.6351,  0.6351,  0.6351,
  0.6351,  0.6351,  0.6351,  0.6351,  0.6351,  0.6351,  0.6351,  0.6351,  0.6351,  0.6351,  0.6351,
  0.6351,  0.6351,  0.6351,  0.6351]

Cell Currents (A):
[1.0143, 1.0143, 1.0143, 1.0143, 1.0143, 1.0143, 1.0143, 1.0143, 1.0143, 1.0143, 1.0143, 1.0143,
 1.0143, 1.0143, 1.0143, 1.0143, 1.0143, 1.0143, 1.0143, 1.0143, 1.0143, 1.0143, 1.0143, 1.0143,
 1.0143, 1.0143, 1.0143, 1.0143, 1.0143, 1.0143, 1.0143, 1.0143, 1.0143, 1.0143, 1.0143, 1.0143,
 1.0143, 1.0143, 1.0143, 1.0143, 1.0143, 1.0143, 1.0143, 1.0143, 1.0143, 1.0143, 1.0143, 1.0143]

Bypass Diode Voltages (V):
[ -1.6908, -10.1619, -10.1619]

Bypass Diode Currents (A):
[-1.6e-09, -1.6e-09, -1.6e-09]

------------------------------------------------------------

--- Test 50 | Target Voltage: 22.4638 V ---
Total Panel Voltage : 22.4638 V
Total Panel Current : 1.0140 A
Total Power         : 22.7778 W

Cell Voltages (V):
[-7.3868,  0.6351,  0.6351,  0.6351,  0.6351,  0.6351,  0.6351,  0.6351,  0.6351,  0.6351,  0.6351,
  0.6351,  0.6351,  0.6351,  0.6351,  0.6351,  0.6351,  0.6351,  0.6351,  0.6351,  0.6351,  0.6351,
  0.6351,  0.6351,  0.6351,  0.6351,  0.6351,  0.6351,  0.6351,  0.6351,  0.6351,  0.6351,  0.6351,
  0.6351,  0.6351,  0.6351,  0.6351,  0.6351,  0.6351,  0.6351,  0.6351,  0.6351,  0.6351,  0.6351,
  0.6351,  0.6351,  0.6351,  0.6351]

Cell Currents (A):
[1.014, 1.014, 1.014, 1.014, 1.014, 1.014, 1.014, 1.014, 1.014, 1.014, 1.014, 1.014, 1.014, 1.014,
 1.014, 1.014, 1.014, 1.014, 1.014, 1.014, 1.014, 1.014, 1.014, 1.014, 1.014, 1.014, 1.014, 1.014,
 1.014, 1.014, 1.014, 1.014, 1.014, 1.014, 1.014, 1.014, 1.014, 1.014, 1.014, 1.014, 1.014, 1.014,
 1.014, 1.014, 1.014, 1.014, 1.014, 1.014]

Bypass Diode Voltages (V):
[ -2.1399, -10.1619, -10.1619]

Bypass Diode Currents (A):
[-1.6e-09, -1.6e-09, -1.6e-09]

------------------------------------------------------------

--- Test 51 | Target Voltage: 22.9130 V ---
Total Panel Voltage : 22.9130 V
Total Panel Current : 1.0136 A
Total Power         : 23.2255 W

Cell Voltages (V):
[-6.9377,  0.6351,  0.6351,  0.6351,  0.6351,  0.6351,  0.6351,  0.6351,  0.6351,  0.6351,  0.6351,
  0.6351,  0.6351,  0.6351,  0.6351,  0.6351,  0.6351,  0.6351,  0.6351,  0.6351,  0.6351,  0.6351,
  0.6351,  0.6351,  0.6351,  0.6351,  0.6351,  0.6351,  0.6351,  0.6351,  0.6351,  0.6351,  0.6351,
  0.6351,  0.6351,  0.6351,  0.6351,  0.6351,  0.6351,  0.6351,  0.6351,  0.6351,  0.6351,  0.6351,
  0.6351,  0.6351,  0.6351,  0.6351]

Cell Currents (A):
[1.0136, 1.0136, 1.0136, 1.0136, 1.0136, 1.0136, 1.0136, 1.0136, 1.0136, 1.0136, 1.0136, 1.0136,
 1.0136, 1.0136, 1.0136, 1.0136, 1.0136, 1.0136, 1.0136, 1.0136, 1.0136, 1.0136, 1.0136, 1.0136,
 1.0136, 1.0136, 1.0136, 1.0136, 1.0136, 1.0136, 1.0136, 1.0136, 1.0136, 1.0136, 1.0136, 1.0136,
 1.0136, 1.0136, 1.0136, 1.0136, 1.0136, 1.0136, 1.0136, 1.0136, 1.0136, 1.0136, 1.0136, 1.0136]

Bypass Diode Voltages (V):
[ -2.5891, -10.162 , -10.162 ]

Bypass Diode Currents (A):
[-1.6e-09, -1.6e-09, -1.6e-09]

------------------------------------------------------------

--- Test 52 | Target Voltage: 23.3623 V ---
Total Panel Voltage : 23.3623 V
Total Panel Current : 1.0133 A
Total Power         : 23.6729 W

Cell Voltages (V):
[-6.4885,  0.6351,  0.6351,  0.6351,  0.6351,  0.6351,  0.6351,  0.6351,  0.6351,  0.6351,  0.6351,
  0.6351,  0.6351,  0.6351,  0.6351,  0.6351,  0.6351,  0.6351,  0.6351,  0.6351,  0.6351,  0.6351,
  0.6351,  0.6351,  0.6351,  0.6351,  0.6351,  0.6351,  0.6351,  0.6351,  0.6351,  0.6351,  0.6351,
  0.6351,  0.6351,  0.6351,  0.6351,  0.6351,  0.6351,  0.6351,  0.6351,  0.6351,  0.6351,  0.6351,
  0.6351,  0.6351,  0.6351,  0.6351]

Cell Currents (A):
[1.0133, 1.0133, 1.0133, 1.0133, 1.0133, 1.0133, 1.0133, 1.0133, 1.0133, 1.0133, 1.0133, 1.0133,
 1.0133, 1.0133, 1.0133, 1.0133, 1.0133, 1.0133, 1.0133, 1.0133, 1.0133, 1.0133, 1.0133, 1.0133,
 1.0133, 1.0133, 1.0133, 1.0133, 1.0133, 1.0133, 1.0133, 1.0133, 1.0133, 1.0133, 1.0133, 1.0133,
 1.0133, 1.0133, 1.0133, 1.0133, 1.0133, 1.0133, 1.0133, 1.0133, 1.0133, 1.0133, 1.0133, 1.0133]

Bypass Diode Voltages (V):
[ -3.0383, -10.162 , -10.162 ]

Bypass Diode Currents (A):
[-1.6e-09, -1.6e-09, -1.6e-09]

------------------------------------------------------------

--- Test 53 | Target Voltage: 23.8116 V ---
Total Panel Voltage : 23.8116 V
Total Panel Current : 1.0130 A
Total Power         : 24.1200 W

Cell Voltages (V):
[-6.0394,  0.6351,  0.6351,  0.6351,  0.6351,  0.6351,  0.6351,  0.6351,  0.6351,  0.6351,  0.6351,
  0.6351,  0.6351,  0.6351,  0.6351,  0.6351,  0.6351,  0.6351,  0.6351,  0.6351,  0.6351,  0.6351,
  0.6351,  0.6351,  0.6351,  0.6351,  0.6351,  0.6351,  0.6351,  0.6351,  0.6351,  0.6351,  0.6351,
  0.6351,  0.6351,  0.6351,  0.6351,  0.6351,  0.6351,  0.6351,  0.6351,  0.6351,  0.6351,  0.6351,
  0.6351,  0.6351,  0.6351,  0.6351]

Cell Currents (A):
[1.013, 1.013, 1.013, 1.013, 1.013, 1.013, 1.013, 1.013, 1.013, 1.013, 1.013, 1.013, 1.013, 1.013,
 1.013, 1.013, 1.013, 1.013, 1.013, 1.013, 1.013, 1.013, 1.013, 1.013, 1.013, 1.013, 1.013, 1.013,
 1.013, 1.013, 1.013, 1.013, 1.013, 1.013, 1.013, 1.013, 1.013, 1.013, 1.013, 1.013, 1.013, 1.013,
 1.013, 1.013, 1.013, 1.013, 1.013, 1.013]

Bypass Diode Voltages (V):
[ -3.4875, -10.162 , -10.162 ]

Bypass Diode Currents (A):
[-1.6e-09, -1.6e-09, -1.6e-09]

------------------------------------------------------------

--- Test 54 | Target Voltage: 24.2609 V ---
Total Panel Voltage : 24.2609 V
Total Panel Current : 1.0126 A
Total Power         : 24.5668 W

Cell Voltages (V):
[-5.5903,  0.6351,  0.6351,  0.6351,  0.6351,  0.6351,  0.6351,  0.6351,  0.6351,  0.6351,  0.6351,
  0.6351,  0.6351,  0.6351,  0.6351,  0.6351,  0.6351,  0.6351,  0.6351,  0.6351,  0.6351,  0.6351,
  0.6351,  0.6351,  0.6351,  0.6351,  0.6351,  0.6351,  0.6351,  0.6351,  0.6351,  0.6351,  0.6351,
  0.6351,  0.6351,  0.6351,  0.6351,  0.6351,  0.6351,  0.6351,  0.6351,  0.6351,  0.6351,  0.6351,
  0.6351,  0.6351,  0.6351,  0.6351]

Cell Currents (A):
[1.0126, 1.0126, 1.0126, 1.0126, 1.0126, 1.0126, 1.0126, 1.0126, 1.0126, 1.0126, 1.0126, 1.0126,
 1.0126, 1.0126, 1.0126, 1.0126, 1.0126, 1.0126, 1.0126, 1.0126, 1.0126, 1.0126, 1.0126, 1.0126,
 1.0126, 1.0126, 1.0126, 1.0126, 1.0126, 1.0126, 1.0126, 1.0126, 1.0126, 1.0126, 1.0126, 1.0126,
 1.0126, 1.0126, 1.0126, 1.0126, 1.0126, 1.0126, 1.0126, 1.0126, 1.0126, 1.0126, 1.0126, 1.0126]

Bypass Diode Voltages (V):
[ -3.9367, -10.1621, -10.1621]

Bypass Diode Currents (A):
[-1.6e-09, -1.6e-09, -1.6e-09]

------------------------------------------------------------

--- Test 55 | Target Voltage: 24.7101 V ---
Total Panel Voltage : 24.7101 V
Total Panel Current : 1.0123 A
Total Power         : 25.0132 W

Cell Voltages (V):
[-5.1411,  0.6351,  0.6351,  0.6351,  0.6351,  0.6351,  0.6351,  0.6351,  0.6351,  0.6351,  0.6351,
  0.6351,  0.6351,  0.6351,  0.6351,  0.6351,  0.6351,  0.6351,  0.6351,  0.6351,  0.6351,  0.6351,
  0.6351,  0.6351,  0.6351,  0.6351,  0.6351,  0.6351,  0.6351,  0.6351,  0.6351,  0.6351,  0.6351,
  0.6351,  0.6351,  0.6351,  0.6351,  0.6351,  0.6351,  0.6351,  0.6351,  0.6351,  0.6351,  0.6351,
  0.6351,  0.6351,  0.6351,  0.6351]

Cell Currents (A):
[1.0123, 1.0123, 1.0123, 1.0123, 1.0123, 1.0123, 1.0123, 1.0123, 1.0123, 1.0123, 1.0123, 1.0123,
 1.0123, 1.0123, 1.0123, 1.0123, 1.0123, 1.0123, 1.0123, 1.0123, 1.0123, 1.0123, 1.0123, 1.0123,
 1.0123, 1.0123, 1.0123, 1.0123, 1.0123, 1.0123, 1.0123, 1.0123, 1.0123, 1.0123, 1.0123, 1.0123,
 1.0123, 1.0123, 1.0123, 1.0123, 1.0123, 1.0123, 1.0123, 1.0123, 1.0123, 1.0123, 1.0123, 1.0123]

Bypass Diode Voltages (V):
[ -4.3859, -10.1621, -10.1621]

Bypass Diode Currents (A):
[-1.6e-09, -1.6e-09, -1.6e-09]

------------------------------------------------------------

--- Test 56 | Target Voltage: 25.1594 V ---
Total Panel Voltage : 25.1594 V
Total Panel Current : 1.0119 A
Total Power         : 25.4594 W

Cell Voltages (V):
[-4.692 ,  0.6351,  0.6351,  0.6351,  0.6351,  0.6351,  0.6351,  0.6351,  0.6351,  0.6351,  0.6351,
  0.6351,  0.6351,  0.6351,  0.6351,  0.6351,  0.6351,  0.6351,  0.6351,  0.6351,  0.6351,  0.6351,
  0.6351,  0.6351,  0.6351,  0.6351,  0.6351,  0.6351,  0.6351,  0.6351,  0.6351,  0.6351,  0.6351,
  0.6351,  0.6351,  0.6351,  0.6351,  0.6351,  0.6351,  0.6351,  0.6351,  0.6351,  0.6351,  0.6351,
  0.6351,  0.6351,  0.6351,  0.6351]

Cell Currents (A):
[1.0119, 1.0119, 1.0119, 1.0119, 1.0119, 1.0119, 1.0119, 1.0119, 1.0119, 1.0119, 1.0119, 1.0119,
 1.0119, 1.0119, 1.0119, 1.0119, 1.0119, 1.0119, 1.0119, 1.0119, 1.0119, 1.0119, 1.0119, 1.0119,
 1.0119, 1.0119, 1.0119, 1.0119, 1.0119, 1.0119, 1.0119, 1.0119, 1.0119, 1.0119, 1.0119, 1.0119,
 1.0119, 1.0119, 1.0119, 1.0119, 1.0119, 1.0119, 1.0119, 1.0119, 1.0119, 1.0119, 1.0119, 1.0119]

Bypass Diode Voltages (V):
[ -4.8351, -10.1622, -10.1622]

Bypass Diode Currents (A):
[-1.6e-09, -1.6e-09, -1.6e-09]

------------------------------------------------------------

--- Test 57 | Target Voltage: 25.6087 V ---
Total Panel Voltage : 25.6087 V
Total Panel Current : 1.0116 A
Total Power         : 25.9053 W

Cell Voltages (V):
[-4.2428,  0.6351,  0.6351,  0.6351,  0.6351,  0.6351,  0.6351,  0.6351,  0.6351,  0.6351,  0.6351,
  0.6351,  0.6351,  0.6351,  0.6351,  0.6351,  0.6351,  0.6351,  0.6351,  0.6351,  0.6351,  0.6351,
  0.6351,  0.6351,  0.6351,  0.6351,  0.6351,  0.6351,  0.6351,  0.6351,  0.6351,  0.6351,  0.6351,
  0.6351,  0.6351,  0.6351,  0.6351,  0.6351,  0.6351,  0.6351,  0.6351,  0.6351,  0.6351,  0.6351,
  0.6351,  0.6351,  0.6351,  0.6351]

Cell Currents (A):
[1.0116, 1.0116, 1.0116, 1.0116, 1.0116, 1.0116, 1.0116, 1.0116, 1.0116, 1.0116, 1.0116, 1.0116,
 1.0116, 1.0116, 1.0116, 1.0116, 1.0116, 1.0116, 1.0116, 1.0116, 1.0116, 1.0116, 1.0116, 1.0116,
 1.0116, 1.0116, 1.0116, 1.0116, 1.0116, 1.0116, 1.0116, 1.0116, 1.0116, 1.0116, 1.0116, 1.0116,
 1.0116, 1.0116, 1.0116, 1.0116, 1.0116, 1.0116, 1.0116, 1.0116, 1.0116, 1.0116, 1.0116, 1.0116]

Bypass Diode Voltages (V):
[ -5.2843, -10.1622, -10.1622]

Bypass Diode Currents (A):
[-1.6e-09, -1.6e-09, -1.6e-09]

------------------------------------------------------------

--- Test 58 | Target Voltage: 26.0580 V ---
Total Panel Voltage : 26.0580 V
Total Panel Current : 1.0112 A
Total Power         : 26.3508 W

Cell Voltages (V):
[-3.7937,  0.6351,  0.6351,  0.6351,  0.6351,  0.6351,  0.6351,  0.6351,  0.6351,  0.6351,  0.6351,
  0.6351,  0.6351,  0.6351,  0.6351,  0.6351,  0.6351,  0.6351,  0.6351,  0.6351,  0.6351,  0.6351,
  0.6351,  0.6351,  0.6351,  0.6351,  0.6351,  0.6351,  0.6351,  0.6351,  0.6351,  0.6351,  0.6351,
  0.6351,  0.6351,  0.6351,  0.6351,  0.6351,  0.6351,  0.6351,  0.6351,  0.6351,  0.6351,  0.6351,
  0.6351,  0.6351,  0.6351,  0.6351]

Cell Currents (A):
[1.0112, 1.0112, 1.0112, 1.0112, 1.0112, 1.0112, 1.0112, 1.0112, 1.0112, 1.0112, 1.0112, 1.0112,
 1.0112, 1.0112, 1.0112, 1.0112, 1.0112, 1.0112, 1.0112, 1.0112, 1.0112, 1.0112, 1.0112, 1.0112,
 1.0112, 1.0112, 1.0112, 1.0112, 1.0112, 1.0112, 1.0112, 1.0112, 1.0112, 1.0112, 1.0112, 1.0112,
 1.0112, 1.0112, 1.0112, 1.0112, 1.0112, 1.0112, 1.0112, 1.0112, 1.0112, 1.0112, 1.0112, 1.0112]

Bypass Diode Voltages (V):
[ -5.7334, -10.1623, -10.1623]

Bypass Diode Currents (A):
[-1.6e-09, -1.6e-09, -1.6e-09]

------------------------------------------------------------

--- Test 59 | Target Voltage: 26.5072 V ---
Total Panel Voltage : 26.5072 V
Total Panel Current : 1.0109 A
Total Power         : 26.7961 W

Cell Voltages (V):
[-3.3445,  0.6351,  0.6351,  0.6351,  0.6351,  0.6351,  0.6351,  0.6351,  0.6351,  0.6351,  0.6351,
  0.6351,  0.6351,  0.6351,  0.6351,  0.6351,  0.6351,  0.6351,  0.6351,  0.6351,  0.6351,  0.6351,
  0.6351,  0.6351,  0.6351,  0.6351,  0.6351,  0.6351,  0.6351,  0.6351,  0.6351,  0.6351,  0.6351,
  0.6351,  0.6351,  0.6351,  0.6351,  0.6351,  0.6351,  0.6351,  0.6351,  0.6351,  0.6351,  0.6351,
  0.6351,  0.6351,  0.6351,  0.6351]

Cell Currents (A):
[1.0109, 1.0109, 1.0109, 1.0109, 1.0109, 1.0109, 1.0109, 1.0109, 1.0109, 1.0109, 1.0109, 1.0109,
 1.0109, 1.0109, 1.0109, 1.0109, 1.0109, 1.0109, 1.0109, 1.0109, 1.0109, 1.0109, 1.0109, 1.0109,
 1.0109, 1.0109, 1.0109, 1.0109, 1.0109, 1.0109, 1.0109, 1.0109, 1.0109, 1.0109, 1.0109, 1.0109,
 1.0109, 1.0109, 1.0109, 1.0109, 1.0109, 1.0109, 1.0109, 1.0109, 1.0109, 1.0109, 1.0109, 1.0109]

Bypass Diode Voltages (V):
[ -6.1826, -10.1623, -10.1623]

Bypass Diode Currents (A):
[-1.6e-09, -1.6e-09, -1.6e-09]

------------------------------------------------------------

--- Test 60 | Target Voltage: 26.9565 V ---
Total Panel Voltage : 26.9565 V
Total Panel Current : 1.0106 A
Total Power         : 27.2410 W

Cell Voltages (V):
[-2.8954,  0.6351,  0.6351,  0.6351,  0.6351,  0.6351,  0.6351,  0.6351,  0.6351,  0.6351,  0.6351,
  0.6351,  0.6351,  0.6351,  0.6351,  0.6351,  0.6351,  0.6351,  0.6351,  0.6351,  0.6351,  0.6351,
  0.6351,  0.6351,  0.6351,  0.6351,  0.6351,  0.6351,  0.6351,  0.6351,  0.6351,  0.6351,  0.6351,
  0.6351,  0.6351,  0.6351,  0.6351,  0.6351,  0.6351,  0.6351,  0.6351,  0.6351,  0.6351,  0.6351,
  0.6351,  0.6351,  0.6351,  0.6351]

Cell Currents (A):
[1.0106, 1.0106, 1.0106, 1.0106, 1.0106, 1.0106, 1.0106, 1.0106, 1.0106, 1.0106, 1.0106, 1.0106,
 1.0106, 1.0106, 1.0106, 1.0106, 1.0106, 1.0106, 1.0106, 1.0106, 1.0106, 1.0106, 1.0106, 1.0106,
 1.0106, 1.0106, 1.0106, 1.0106, 1.0106, 1.0106, 1.0106, 1.0106, 1.0106, 1.0106, 1.0106, 1.0106,
 1.0106, 1.0106, 1.0106, 1.0106, 1.0106, 1.0106, 1.0106, 1.0106, 1.0106, 1.0106, 1.0106, 1.0106]

Bypass Diode Voltages (V):
[ -6.6318, -10.1623, -10.1623]

Bypass Diode Currents (A):
[-1.6e-09, -1.6e-09, -1.6e-09]

------------------------------------------------------------

--- Test 61 | Target Voltage: 27.4058 V ---
Total Panel Voltage : 27.4058 V
Total Panel Current : 1.0102 A
Total Power         : 27.6856 W

Cell Voltages (V):
[-2.4462,  0.6351,  0.6351,  0.6351,  0.6351,  0.6351,  0.6351,  0.6351,  0.6351,  0.6351,  0.6351,
  0.6351,  0.6351,  0.6351,  0.6351,  0.6351,  0.6351,  0.6351,  0.6351,  0.6351,  0.6351,  0.6351,
  0.6351,  0.6351,  0.6351,  0.6351,  0.6351,  0.6351,  0.6351,  0.6351,  0.6351,  0.6351,  0.6351,
  0.6351,  0.6351,  0.6351,  0.6351,  0.6351,  0.6351,  0.6351,  0.6351,  0.6351,  0.6351,  0.6351,
  0.6351,  0.6351,  0.6351,  0.6351]

Cell Currents (A):
[1.0102, 1.0102, 1.0102, 1.0102, 1.0102, 1.0102, 1.0102, 1.0102, 1.0102, 1.0102, 1.0102, 1.0102,
 1.0102, 1.0102, 1.0102, 1.0102, 1.0102, 1.0102, 1.0102, 1.0102, 1.0102, 1.0102, 1.0102, 1.0102,
 1.0102, 1.0102, 1.0102, 1.0102, 1.0102, 1.0102, 1.0102, 1.0102, 1.0102, 1.0102, 1.0102, 1.0102,
 1.0102, 1.0102, 1.0102, 1.0102, 1.0102, 1.0102, 1.0102, 1.0102, 1.0102, 1.0102, 1.0102, 1.0102]

Bypass Diode Voltages (V):
[ -7.081 , -10.1624, -10.1624]

Bypass Diode Currents (A):
[-1.6e-09, -1.6e-09, -1.6e-09]

------------------------------------------------------------

--- Test 62 | Target Voltage: 27.8551 V ---
Total Panel Voltage : 27.8551 V
Total Panel Current : 1.0099 A
Total Power         : 28.1300 W

Cell Voltages (V):
[-1.9971,  0.6352,  0.6352,  0.6352,  0.6352,  0.6352,  0.6352,  0.6352,  0.6352,  0.6352,  0.6352,
  0.6352,  0.6352,  0.6352,  0.6352,  0.6352,  0.6352,  0.6352,  0.6352,  0.6352,  0.6352,  0.6352,
  0.6352,  0.6352,  0.6352,  0.6352,  0.6352,  0.6352,  0.6352,  0.6352,  0.6352,  0.6352,  0.6352,
  0.6352,  0.6352,  0.6352,  0.6352,  0.6352,  0.6352,  0.6352,  0.6352,  0.6352,  0.6352,  0.6352,
  0.6352,  0.6352,  0.6352,  0.6352]

Cell Currents (A):
[1.0099, 1.0099, 1.0099, 1.0099, 1.0099, 1.0099, 1.0099, 1.0099, 1.0099, 1.0099, 1.0099, 1.0099,
 1.0099, 1.0099, 1.0099, 1.0099, 1.0099, 1.0099, 1.0099, 1.0099, 1.0099, 1.0099, 1.0099, 1.0099,
 1.0099, 1.0099, 1.0099, 1.0099, 1.0099, 1.0099, 1.0099, 1.0099, 1.0099, 1.0099, 1.0099, 1.0099,
 1.0099, 1.0099, 1.0099, 1.0099, 1.0099, 1.0099, 1.0099, 1.0099, 1.0099, 1.0099, 1.0099, 1.0099]

Bypass Diode Voltages (V):
[ -7.5302, -10.1624, -10.1624]

Bypass Diode Currents (A):
[-1.6005e-09, -1.5997e-09, -1.5997e-09]

------------------------------------------------------------

--- Test 63 | Target Voltage: 28.3043 V ---
Total Panel Voltage : 28.3043 V
Total Panel Current : 1.0095 A
Total Power         : 28.5740 W

Cell Voltages (V):
[-1.5479,  0.6352,  0.6352,  0.6352,  0.6352,  0.6352,  0.6352,  0.6352,  0.6352,  0.6352,  0.6352,
  0.6352,  0.6352,  0.6352,  0.6352,  0.6352,  0.6352,  0.6352,  0.6352,  0.6352,  0.6352,  0.6352,
  0.6352,  0.6352,  0.6352,  0.6352,  0.6352,  0.6352,  0.6352,  0.6352,  0.6352,  0.6352,  0.6352,
  0.6352,  0.6352,  0.6352,  0.6352,  0.6352,  0.6352,  0.6352,  0.6352,  0.6352,  0.6352,  0.6352,
  0.6352,  0.6352,  0.6352,  0.6352]

Cell Currents (A):
[1.0095, 1.0095, 1.0095, 1.0095, 1.0095, 1.0095, 1.0095, 1.0095, 1.0095, 1.0095, 1.0095, 1.0095,
 1.0095, 1.0095, 1.0095, 1.0095, 1.0095, 1.0095, 1.0095, 1.0095, 1.0095, 1.0095, 1.0095, 1.0095,
 1.0095, 1.0095, 1.0095, 1.0095, 1.0095, 1.0095, 1.0095, 1.0095, 1.0095, 1.0095, 1.0095, 1.0095,
 1.0095, 1.0095, 1.0095, 1.0095, 1.0095, 1.0095, 1.0095, 1.0095, 1.0095, 1.0095, 1.0095, 1.0095]

Bypass Diode Voltages (V):
[ -7.9794, -10.1625, -10.1625]

Bypass Diode Currents (A):
[-1.6e-09, -1.6e-09, -1.6e-09]

------------------------------------------------------------

--- Test 64 | Target Voltage: 28.7536 V ---
Total Panel Voltage : 28.7536 V
Total Panel Current : 1.0092 A
Total Power         : 29.0177 W

Cell Voltages (V):
[-1.0988,  0.6352,  0.6352,  0.6352,  0.6352,  0.6352,  0.6352,  0.6352,  0.6352,  0.6352,  0.6352,
  0.6352,  0.6352,  0.6352,  0.6352,  0.6352,  0.6352,  0.6352,  0.6352,  0.6352,  0.6352,  0.6352,
  0.6352,  0.6352,  0.6352,  0.6352,  0.6352,  0.6352,  0.6352,  0.6352,  0.6352,  0.6352,  0.6352,
  0.6352,  0.6352,  0.6352,  0.6352,  0.6352,  0.6352,  0.6352,  0.6352,  0.6352,  0.6352,  0.6352,
  0.6352,  0.6352,  0.6352,  0.6352]

Cell Currents (A):
[1.0092, 1.0092, 1.0092, 1.0092, 1.0092, 1.0092, 1.0092, 1.0092, 1.0092, 1.0092, 1.0092, 1.0092,
 1.0092, 1.0092, 1.0092, 1.0092, 1.0092, 1.0092, 1.0092, 1.0092, 1.0092, 1.0092, 1.0092, 1.0092,
 1.0092, 1.0092, 1.0092, 1.0092, 1.0092, 1.0092, 1.0092, 1.0092, 1.0092, 1.0092, 1.0092, 1.0092,
 1.0092, 1.0092, 1.0092, 1.0092, 1.0092, 1.0092, 1.0092, 1.0092, 1.0092, 1.0092, 1.0092, 1.0092]

Bypass Diode Voltages (V):
[ -8.4286, -10.1625, -10.1625]

Bypass Diode Currents (A):
[-1.6e-09, -1.6e-09, -1.6e-09]

------------------------------------------------------------

--- Test 65 | Target Voltage: 29.2029 V ---
Total Panel Voltage : 29.2029 V
Total Panel Current : 1.0088 A
Total Power         : 29.4611 W

Cell Voltages (V):
[-0.6496,  0.6352,  0.6352,  0.6352,  0.6352,  0.6352,  0.6352,  0.6352,  0.6352,  0.6352,  0.6352,
  0.6352,  0.6352,  0.6352,  0.6352,  0.6352,  0.6352,  0.6352,  0.6352,  0.6352,  0.6352,  0.6352,
  0.6352,  0.6352,  0.6352,  0.6352,  0.6352,  0.6352,  0.6352,  0.6352,  0.6352,  0.6352,  0.6352,
  0.6352,  0.6352,  0.6352,  0.6352,  0.6352,  0.6352,  0.6352,  0.6352,  0.6352,  0.6352,  0.6352,
  0.6352,  0.6352,  0.6352,  0.6352]

Cell Currents (A):
[1.0088, 1.0088, 1.0088, 1.0088, 1.0088, 1.0088, 1.0088, 1.0088, 1.0088, 1.0088, 1.0088, 1.0088,
 1.0088, 1.0088, 1.0088, 1.0088, 1.0088, 1.0088, 1.0088, 1.0088, 1.0088, 1.0088, 1.0088, 1.0088,
 1.0088, 1.0088, 1.0088, 1.0088, 1.0088, 1.0088, 1.0088, 1.0088, 1.0088, 1.0088, 1.0088, 1.0088,
 1.0088, 1.0088, 1.0088, 1.0088, 1.0088, 1.0088, 1.0088, 1.0088, 1.0088, 1.0088, 1.0088, 1.0088]

Bypass Diode Voltages (V):
[ -8.8778, -10.1626, -10.1626]

Bypass Diode Currents (A):
[-1.6e-09, -1.6e-09, -1.6e-09]

------------------------------------------------------------

--- Test 66 | Target Voltage: 29.6522 V ---
Total Panel Voltage : 29.6522 V
Total Panel Current : 1.0085 A
Total Power         : 29.9042 W

Cell Voltages (V):
[-0.2005,  0.6352,  0.6352,  0.6352,  0.6352,  0.6352,  0.6352,  0.6352,  0.6352,  0.6352,  0.6352,
  0.6352,  0.6352,  0.6352,  0.6352,  0.6352,  0.6352,  0.6352,  0.6352,  0.6352,  0.6352,  0.6352,
  0.6352,  0.6352,  0.6352,  0.6352,  0.6352,  0.6352,  0.6352,  0.6352,  0.6352,  0.6352,  0.6352,
  0.6352,  0.6352,  0.6352,  0.6352,  0.6352,  0.6352,  0.6352,  0.6352,  0.6352,  0.6352,  0.6352,
  0.6352,  0.6352,  0.6352,  0.6352]

Cell Currents (A):
[1.0085, 1.0085, 1.0085, 1.0085, 1.0085, 1.0085, 1.0085, 1.0085, 1.0085, 1.0085, 1.0085, 1.0085,
 1.0085, 1.0085, 1.0085, 1.0085, 1.0085, 1.0085, 1.0085, 1.0085, 1.0085, 1.0085, 1.0085, 1.0085,
 1.0085, 1.0085, 1.0085, 1.0085, 1.0085, 1.0085, 1.0085, 1.0085, 1.0085, 1.0085, 1.0085, 1.0085,
 1.0085, 1.0085, 1.0085, 1.0085, 1.0085, 1.0085, 1.0085, 1.0085, 1.0085, 1.0085, 1.0085, 1.0085]

Bypass Diode Voltages (V):
[ -9.3269, -10.1626, -10.1626]

Bypass Diode Currents (A):
[-1.6e-09, -1.6e-09, -1.6e-09]

------------------------------------------------------------

--- Test 67 | Target Voltage: 30.1014 V ---
Total Panel Voltage : 30.1014 V
Total Panel Current : 1.0082 A
Total Power         : 30.3468 W

Cell Voltages (V):
[0.2486, 0.6352, 0.6352, 0.6352, 0.6352, 0.6352, 0.6352, 0.6352, 0.6352, 0.6352, 0.6352, 0.6352,
 0.6352, 0.6352, 0.6352, 0.6352, 0.6352, 0.6352, 0.6352, 0.6352, 0.6352, 0.6352, 0.6352, 0.6352,
 0.6352, 0.6352, 0.6352, 0.6352, 0.6352, 0.6352, 0.6352, 0.6352, 0.6352, 0.6352, 0.6352, 0.6352,
 0.6352, 0.6352, 0.6352, 0.6352, 0.6352, 0.6352, 0.6352, 0.6352, 0.6352, 0.6352, 0.6352, 0.6352]

Cell Currents (A):
[1.0082, 1.0082, 1.0082, 1.0082, 1.0082, 1.0082, 1.0082, 1.0082, 1.0082, 1.0082, 1.0082, 1.0082,
 1.0082, 1.0082, 1.0082, 1.0082, 1.0082, 1.0082, 1.0082, 1.0082, 1.0082, 1.0082, 1.0082, 1.0082,
 1.0082, 1.0082, 1.0082, 1.0082, 1.0082, 1.0082, 1.0082, 1.0082, 1.0082, 1.0082, 1.0082, 1.0082,
 1.0082, 1.0082, 1.0082, 1.0082, 1.0082, 1.0082, 1.0082, 1.0082, 1.0082, 1.0082, 1.0082, 1.0082]

Bypass Diode Voltages (V):
[ -9.7761, -10.1627, -10.1627]

Bypass Diode Currents (A):
[-1.6e-09, -1.6e-09, -1.6e-09]

------------------------------------------------------------

--- Test 68 | Target Voltage: 30.5507 V ---
Total Panel Voltage : 30.5507 V
Total Panel Current : 0.6107 A
Total Power         : 18.6577 W

Cell Voltages (V):
[0.5498, 0.6383, 0.6383, 0.6383, 0.6383, 0.6383, 0.6383, 0.6383, 0.6383, 0.6383, 0.6383, 0.6383,
 0.6383, 0.6383, 0.6383, 0.6383, 0.6383, 0.6383, 0.6383, 0.6383, 0.6383, 0.6383, 0.6383, 0.6383,
 0.6383, 0.6383, 0.6383, 0.6383, 0.6383, 0.6383, 0.6383, 0.6383, 0.6383, 0.6383, 0.6383, 0.6383,
 0.6383, 0.6383, 0.6383, 0.6383, 0.6383, 0.6383, 0.6383, 0.6383, 0.6383, 0.6383, 0.6383, 0.6383]

Cell Currents (A):
[0.6107, 0.6107, 0.6107, 0.6107, 0.6107, 0.6107, 0.6107, 0.6107, 0.6107, 0.6107, 0.6107, 0.6107,
 0.6107, 0.6107, 0.6107, 0.6107, 0.6107, 0.6107, 0.6107, 0.6107, 0.6107, 0.6107, 0.6107, 0.6107,
 0.6107, 0.6107, 0.6107, 0.6107, 0.6107, 0.6107, 0.6107, 0.6107, 0.6107, 0.6107, 0.6107, 0.6107,
 0.6107, 0.6107, 0.6107, 0.6107, 0.6107, 0.6107, 0.6107, 0.6107, 0.6107, 0.6107, 0.6107, 0.6107]

Bypass Diode Voltages (V):
[-10.1245, -10.2131, -10.2131]

Bypass Diode Currents (A):
[-1.6e-09, -1.6e-09, -1.6e-09]

------------------------------------------------------------

--- Test 69 | Target Voltage: 31.0000 V ---
Total Panel Voltage : 30.8166 V
Total Panel Current : 0.0000 A
Total Power         : 0.0000 W

Cell Voltages (V):
[0.5858, 0.6432, 0.6432, 0.6432, 0.6432, 0.6432, 0.6432, 0.6432, 0.6432, 0.6432, 0.6432, 0.6432,
 0.6432, 0.6432, 0.6432, 0.6432, 0.6432, 0.6432, 0.6432, 0.6432, 0.6432, 0.6432, 0.6432, 0.6432,
 0.6432, 0.6432, 0.6432, 0.6432, 0.6432, 0.6432, 0.6432, 0.6432, 0.6432, 0.6432, 0.6432, 0.6432,
 0.6432, 0.6432, 0.6432, 0.6432, 0.6432, 0.6432, 0.6432, 0.6432, 0.6432, 0.6432, 0.6432, 0.6432]

Cell Currents (A):
[2.4335e-11, 2.7686e-16, 6.8982e-16, 2.8321e-16, 1.1005e-16, 5.0843e-17, 2.7708e-17, 1.7429e-17,
 1.2780e-17, 1.0382e-17, 9.0903e-18, 8.3921e-18, 8.0051e-18, 7.8328e-18, 7.6829e-18, 7.6541e-18,
 1.2530e-17, 1.3491e-16, 4.9379e-17, 2.6527e-17, 1.7059e-17, 1.2675e-17, 1.0345e-17, 9.0977e-18,
 8.3835e-18, 7.9961e-18, 7.7991e-18, 7.6757e-18, 7.5885e-18, 7.5881e-18, 7.5503e-18, 7.6638e-18,
 1.2480e-17, 1.3481e-16, 4.9464e-17, 2.6410e-17, 1.7056e-17, 1.2640e-17, 1.0344e-17, 9.0981e-18,
 8.4255e-18, 7.9963e-18, 7.8044e-18, 7.6758e-18, 7.6269e-18, 7.6917e-18, 7.6905e-18, 7.5426e-18]

Bypass Diode Voltages (V):
[-10.2339, -10.2913, -10.2913]

Bypass Diode Currents (A):
[-1.6081e-09, -1.5959e-09, -1.5959e-09]

------------------------------------------------------------

