Detailed IV Simulation Results for: 1stModule_100W
============================================================

--- Test 0 | Target Voltage: 0.0000 V ---
Total Panel Voltage : 0.0000 V
Total Panel Current : 8.7005 A
Total Power         : 4.5634 W

Cell Voltages (V):
[-0.0371, -0.0371, -0.0371, -0.0371, -0.0371, -0.0371, -0.0371, -0.0371, -0.0371, -0.0371, -0.0371,
 -0.0371, -0.0371, -0.0371, -0.0371, -0.0371,  0.0185,  0.0185,  0.0185,  0.0185,  0.0185,  0.0185,
  0.0185,  0.0185,  0.0185,  0.0185,  0.0185,  0.0185,  0.0185,  0.0185,  0.0185,  0.0185,  0.0185,
  0.0185,  0.0185,  0.0185,  0.0185,  0.0185,  0.0185,  0.0185,  0.0185,  0.0185,  0.0185,  0.0185,
  0.0185,  0.0185,  0.0185,  0.0185]

Cell Currents (A):
[1.0075, 1.0075, 1.0075, 1.0075, 1.0075, 1.0075, 1.0075, 1.0075, 1.0075, 1.0075, 1.0075, 1.0075,
 1.0075, 1.0075, 1.0075, 1.0075, 8.7005, 8.7005, 8.7005, 8.7005, 8.7005, 8.7005, 8.7005, 8.7005,
 8.7005, 8.7005, 8.7005, 8.7005, 8.7005, 8.7005, 8.7005, 8.7005, 8.7005, 8.7005, 8.7005, 8.7005,
 8.7005, 8.7005, 8.7005, 8.7005, 8.7005, 8.7005, 8.7005, 8.7005, 8.7005, 8.7005, 8.7005, 8.7005]

Bypass Diode Voltages (V):
[ 0.5932, -0.2966, -0.2966]

Bypass Diode Currents (A):
[ 7.693e+00, -1.600e-09, -1.600e-09]

------------------------------------------------------------

--- Test 1 | Target Voltage: 0.4493 V ---
Total Panel Voltage : 0.4493 V
Total Panel Current : 8.7004 A
Total Power         : 8.4723 W

Cell Voltages (V):
[-0.0371, -0.0371, -0.0371, -0.0371, -0.0371, -0.0371, -0.0371, -0.0371, -0.0371, -0.0371, -0.0371,
 -0.0371, -0.0371, -0.0371, -0.0371, -0.0371,  0.0326,  0.0326,  0.0326,  0.0326,  0.0326,  0.0326,
  0.0326,  0.0326,  0.0326,  0.0326,  0.0326,  0.0326,  0.0326,  0.0326,  0.0326,  0.0326,  0.0326,
  0.0326,  0.0326,  0.0326,  0.0326,  0.0326,  0.0326,  0.0326,  0.0326,  0.0326,  0.0326,  0.0326,
  0.0326,  0.0326,  0.0326,  0.0326]

Cell Currents (A):
[1.0075, 1.0075, 1.0075, 1.0075, 1.0075, 1.0075, 1.0075, 1.0075, 1.0075, 1.0075, 1.0075, 1.0075,
 1.0075, 1.0075, 1.0075, 1.0075, 8.7004, 8.7004, 8.7004, 8.7004, 8.7004, 8.7004, 8.7004, 8.7004,
 8.7004, 8.7004, 8.7004, 8.7004, 8.7004, 8.7004, 8.7004, 8.7004, 8.7004, 8.7004, 8.7004, 8.7004,
 8.7004, 8.7004, 8.7004, 8.7004, 8.7004, 8.7004, 8.7004, 8.7004, 8.7004, 8.7004, 8.7004, 8.7004]

Bypass Diode Voltages (V):
[ 0.5932, -0.5212, -0.5212]

Bypass Diode Currents (A):
[ 7.693e+00, -1.600e-09, -1.600e-09]

------------------------------------------------------------

--- Test 2 | Target Voltage: 0.8986 V ---
Total Panel Voltage : 0.8986 V
Total Panel Current : 8.7004 A
Total Power         : 12.3811 W

Cell Voltages (V):
[-0.0371, -0.0371, -0.0371, -0.0371, -0.0371, -0.0371, -0.0371, -0.0371, -0.0371, -0.0371, -0.0371,
 -0.0371, -0.0371, -0.0371, -0.0371, -0.0371,  0.0466,  0.0466,  0.0466,  0.0466,  0.0466,  0.0466,
  0.0466,  0.0466,  0.0466,  0.0466,  0.0466,  0.0466,  0.0466,  0.0466,  0.0466,  0.0466,  0.0466,
  0.0466,  0.0466,  0.0466,  0.0466,  0.0466,  0.0466,  0.0466,  0.0466,  0.0466,  0.0466,  0.0466,
  0.0466,  0.0466,  0.0466,  0.0466]

Cell Currents (A):
[1.0075, 1.0075, 1.0075, 1.0075, 1.0075, 1.0075, 1.0075, 1.0075, 1.0075, 1.0075, 1.0075, 1.0075,
 1.0075, 1.0075, 1.0075, 1.0075, 8.7004, 8.7004, 8.7004, 8.7004, 8.7004, 8.7004, 8.7004, 8.7004,
 8.7004, 8.7004, 8.7004, 8.7004, 8.7004, 8.7004, 8.7004, 8.7004, 8.7004, 8.7004, 8.7004, 8.7004,
 8.7004, 8.7004, 8.7004, 8.7004, 8.7004, 8.7004, 8.7004, 8.7004, 8.7004, 8.7004, 8.7004, 8.7004]

Bypass Diode Voltages (V):
[ 0.5932, -0.7459, -0.7459]

Bypass Diode Currents (A):
[ 7.6929e+00, -1.6000e-09, -1.6000e-09]

------------------------------------------------------------

--- Test 3 | Target Voltage: 1.3478 V ---
Total Panel Voltage : 1.3478 V
Total Panel Current : 8.7003 A
Total Power         : 16.2898 W

Cell Voltages (V):
[-0.0371, -0.0371, -0.0371, -0.0371, -0.0371, -0.0371, -0.0371, -0.0371, -0.0371, -0.0371, -0.0371,
 -0.0371, -0.0371, -0.0371, -0.0371, -0.0371,  0.0607,  0.0607,  0.0607,  0.0607,  0.0607,  0.0607,
  0.0607,  0.0607,  0.0607,  0.0607,  0.0607,  0.0607,  0.0607,  0.0607,  0.0607,  0.0607,  0.0607,
  0.0607,  0.0607,  0.0607,  0.0607,  0.0607,  0.0607,  0.0607,  0.0607,  0.0607,  0.0607,  0.0607,
  0.0607,  0.0607,  0.0607,  0.0607]

Cell Currents (A):
[1.0075, 1.0075, 1.0075, 1.0075, 1.0075, 1.0075, 1.0075, 1.0075, 1.0075, 1.0075, 1.0075, 1.0075,
 1.0075, 1.0075, 1.0075, 1.0075, 8.7003, 8.7003, 8.7003, 8.7003, 8.7003, 8.7003, 8.7003, 8.7003,
 8.7003, 8.7003, 8.7003, 8.7003, 8.7003, 8.7003, 8.7003, 8.7003, 8.7003, 8.7003, 8.7003, 8.7003,
 8.7003, 8.7003, 8.7003, 8.7003, 8.7003, 8.7003, 8.7003, 8.7003, 8.7003, 8.7003, 8.7003, 8.7003]

Bypass Diode Voltages (V):
[ 0.5932, -0.9705, -0.9705]

Bypass Diode Currents (A):
[ 7.6928e+00, -1.6000e-09, -1.6000e-09]

------------------------------------------------------------

--- Test 4 | Target Voltage: 1.7971 V ---
Total Panel Voltage : 1.7971 V
Total Panel Current : 8.7002 A
Total Power         : 20.1984 W

Cell Voltages (V):
[-0.0371, -0.0371, -0.0371, -0.0371, -0.0371, -0.0371, -0.0371, -0.0371, -0.0371, -0.0371, -0.0371,
 -0.0371, -0.0371, -0.0371, -0.0371, -0.0371,  0.0747,  0.0747,  0.0747,  0.0747,  0.0747,  0.0747,
  0.0747,  0.0747,  0.0747,  0.0747,  0.0747,  0.0747,  0.0747,  0.0747,  0.0747,  0.0747,  0.0747,
  0.0747,  0.0747,  0.0747,  0.0747,  0.0747,  0.0747,  0.0747,  0.0747,  0.0747,  0.0747,  0.0747,
  0.0747,  0.0747,  0.0747,  0.0747]

Cell Currents (A):
[1.0075, 1.0075, 1.0075, 1.0075, 1.0075, 1.0075, 1.0075, 1.0075, 1.0075, 1.0075, 1.0075, 1.0075,
 1.0075, 1.0075, 1.0075, 1.0075, 8.7002, 8.7002, 8.7002, 8.7002, 8.7002, 8.7002, 8.7002, 8.7002,
 8.7002, 8.7002, 8.7002, 8.7002, 8.7002, 8.7002, 8.7002, 8.7002, 8.7002, 8.7002, 8.7002, 8.7002,
 8.7002, 8.7002, 8.7002, 8.7002, 8.7002, 8.7002, 8.7002, 8.7002, 8.7002, 8.7002, 8.7002, 8.7002]

Bypass Diode Voltages (V):
[ 0.5932, -1.1951, -1.1951]

Bypass Diode Currents (A):
[ 7.6927e+00, -1.6000e-09, -1.6000e-09]

------------------------------------------------------------

--- Test 5 | Target Voltage: 2.2464 V ---
Total Panel Voltage : 2.2464 V
Total Panel Current : 8.7001 A
Total Power         : 24.1070 W

Cell Voltages (V):
[-0.0371, -0.0371, -0.0371, -0.0371, -0.0371, -0.0371, -0.0371, -0.0371, -0.0371, -0.0371, -0.0371,
 -0.0371, -0.0371, -0.0371, -0.0371, -0.0371,  0.0887,  0.0887,  0.0887,  0.0887,  0.0887,  0.0887,
  0.0887,  0.0887,  0.0887,  0.0887,  0.0887,  0.0887,  0.0887,  0.0887,  0.0887,  0.0887,  0.0887,
  0.0887,  0.0887,  0.0887,  0.0887,  0.0887,  0.0887,  0.0887,  0.0887,  0.0887,  0.0887,  0.0887,
  0.0887,  0.0887,  0.0887,  0.0887]

Cell Currents (A):
[1.0075, 1.0075, 1.0075, 1.0075, 1.0075, 1.0075, 1.0075, 1.0075, 1.0075, 1.0075, 1.0075, 1.0075,
 1.0075, 1.0075, 1.0075, 1.0075, 8.7001, 8.7001, 8.7001, 8.7001, 8.7001, 8.7001, 8.7001, 8.7001,
 8.7001, 8.7001, 8.7001, 8.7001, 8.7001, 8.7001, 8.7001, 8.7001, 8.7001, 8.7001, 8.7001, 8.7001,
 8.7001, 8.7001, 8.7001, 8.7001, 8.7001, 8.7001, 8.7001, 8.7001, 8.7001, 8.7001, 8.7001, 8.7001]

Bypass Diode Voltages (V):
[ 0.5932, -1.4198, -1.4198]

Bypass Diode Currents (A):
[ 7.6927e+00, -1.6000e-09, -1.6000e-09]

------------------------------------------------------------

--- Test 6 | Target Voltage: 2.6957 V ---
Total Panel Voltage : 2.6957 V
Total Panel Current : 8.7001 A
Total Power         : 28.0155 W

Cell Voltages (V):
[-0.0371, -0.0371, -0.0371, -0.0371, -0.0371, -0.0371, -0.0371, -0.0371, -0.0371, -0.0371, -0.0371,
 -0.0371, -0.0371, -0.0371, -0.0371, -0.0371,  0.1028,  0.1028,  0.1028,  0.1028,  0.1028,  0.1028,
  0.1028,  0.1028,  0.1028,  0.1028,  0.1028,  0.1028,  0.1028,  0.1028,  0.1028,  0.1028,  0.1028,
  0.1028,  0.1028,  0.1028,  0.1028,  0.1028,  0.1028,  0.1028,  0.1028,  0.1028,  0.1028,  0.1028,
  0.1028,  0.1028,  0.1028,  0.1028]

Cell Currents (A):
[1.0075, 1.0075, 1.0075, 1.0075, 1.0075, 1.0075, 1.0075, 1.0075, 1.0075, 1.0075, 1.0075, 1.0075,
 1.0075, 1.0075, 1.0075, 1.0075, 8.7001, 8.7001, 8.7001, 8.7001, 8.7001, 8.7001, 8.7001, 8.7001,
 8.7001, 8.7001, 8.7001, 8.7001, 8.7001, 8.7001, 8.7001, 8.7001, 8.7001, 8.7001, 8.7001, 8.7001,
 8.7001, 8.7001, 8.7001, 8.7001, 8.7001, 8.7001, 8.7001, 8.7001, 8.7001, 8.7001, 8.7001, 8.7001]

Bypass Diode Voltages (V):
[ 0.5932, -1.6444, -1.6444]

Bypass Diode Currents (A):
[ 7.6926e+00, -1.6000e-09, -1.6000e-09]

------------------------------------------------------------

--- Test 7 | Target Voltage: 3.1449 V ---
Total Panel Voltage : 3.1449 V
Total Panel Current : 8.7000 A
Total Power         : 31.9240 W

Cell Voltages (V):
[-0.0371, -0.0371, -0.0371, -0.0371, -0.0371, -0.0371, -0.0371, -0.0371, -0.0371, -0.0371, -0.0371,
 -0.0371, -0.0371, -0.0371, -0.0371, -0.0371,  0.1168,  0.1168,  0.1168,  0.1168,  0.1168,  0.1168,
  0.1168,  0.1168,  0.1168,  0.1168,  0.1168,  0.1168,  0.1168,  0.1168,  0.1168,  0.1168,  0.1168,
  0.1168,  0.1168,  0.1168,  0.1168,  0.1168,  0.1168,  0.1168,  0.1168,  0.1168,  0.1168,  0.1168,
  0.1168,  0.1168,  0.1168,  0.1168]

Cell Currents (A):
[1.0075, 1.0075, 1.0075, 1.0075, 1.0075, 1.0075, 1.0075, 1.0075, 1.0075, 1.0075, 1.0075, 1.0075,
 1.0075, 1.0075, 1.0075, 1.0075, 8.7   , 8.7   , 8.7   , 8.7   , 8.7   , 8.7   , 8.7   , 8.7   ,
 8.7   , 8.7   , 8.7   , 8.7   , 8.7   , 8.7   , 8.7   , 8.7   , 8.7   , 8.7   , 8.7   , 8.7   ,
 8.7   , 8.7   , 8.7   , 8.7   , 8.7   , 8.7   , 8.7   , 8.7   , 8.7   , 8.7   , 8.7   , 8.7   ]

Bypass Diode Voltages (V):
[ 0.5932, -1.8691, -1.8691]

Bypass Diode Currents (A):
[ 7.6925e+00, -1.6000e-09, -1.6000e-09]

------------------------------------------------------------

--- Test 8 | Target Voltage: 3.5942 V ---
Total Panel Voltage : 3.5942 V
Total Panel Current : 8.6999 A
Total Power         : 35.8324 W

Cell Voltages (V):
[-0.0371, -0.0371, -0.0371, -0.0371, -0.0371, -0.0371, -0.0371, -0.0371, -0.0371, -0.0371, -0.0371,
 -0.0371, -0.0371, -0.0371, -0.0371, -0.0371,  0.1309,  0.1309,  0.1309,  0.1309,  0.1309,  0.1309,
  0.1309,  0.1309,  0.1309,  0.1309,  0.1309,  0.1309,  0.1309,  0.1309,  0.1309,  0.1309,  0.1309,
  0.1309,  0.1309,  0.1309,  0.1309,  0.1309,  0.1309,  0.1309,  0.1309,  0.1309,  0.1309,  0.1309,
  0.1309,  0.1309,  0.1309,  0.1309]

Cell Currents (A):
[1.0075, 1.0075, 1.0075, 1.0075, 1.0075, 1.0075, 1.0075, 1.0075, 1.0075, 1.0075, 1.0075, 1.0075,
 1.0075, 1.0075, 1.0075, 1.0075, 8.6999, 8.6999, 8.6999, 8.6999, 8.6999, 8.6999, 8.6999, 8.6999,
 8.6999, 8.6999, 8.6999, 8.6999, 8.6999, 8.6999, 8.6999, 8.6999, 8.6999, 8.6999, 8.6999, 8.6999,
 8.6999, 8.6999, 8.6999, 8.6999, 8.6999, 8.6999, 8.6999, 8.6999, 8.6999, 8.6999, 8.6999, 8.6999]

Bypass Diode Voltages (V):
[ 0.5932, -2.0937, -2.0937]

Bypass Diode Currents (A):
[ 7.6924e+00, -1.6000e-09, -1.6000e-09]

------------------------------------------------------------

--- Test 9 | Target Voltage: 4.0435 V ---
Total Panel Voltage : 4.0435 V
Total Panel Current : 8.6998 A
Total Power         : 39.7407 W

Cell Voltages (V):
[-0.0371, -0.0371, -0.0371, -0.0371, -0.0371, -0.0371, -0.0371, -0.0371, -0.0371, -0.0371, -0.0371,
 -0.0371, -0.0371, -0.0371, -0.0371, -0.0371,  0.1449,  0.1449,  0.1449,  0.1449,  0.1449,  0.1449,
  0.1449,  0.1449,  0.1449,  0.1449,  0.1449,  0.1449,  0.1449,  0.1449,  0.1449,  0.1449,  0.1449,
  0.1449,  0.1449,  0.1449,  0.1449,  0.1449,  0.1449,  0.1449,  0.1449,  0.1449,  0.1449,  0.1449,
  0.1449,  0.1449,  0.1449,  0.1449]

Cell Currents (A):
[1.0075, 1.0075, 1.0075, 1.0075, 1.0075, 1.0075, 1.0075, 1.0075, 1.0075, 1.0075, 1.0075, 1.0075,
 1.0075, 1.0075, 1.0075, 1.0075, 8.6998, 8.6998, 8.6998, 8.6998, 8.6998, 8.6998, 8.6998, 8.6998,
 8.6998, 8.6998, 8.6998, 8.6998, 8.6998, 8.6998, 8.6998, 8.6998, 8.6998, 8.6998, 8.6998, 8.6998,
 8.6998, 8.6998, 8.6998, 8.6998, 8.6998, 8.6998, 8.6998, 8.6998, 8.6998, 8.6998, 8.6998, 8.6998]

Bypass Diode Voltages (V):
[ 0.5932, -2.3183, -2.3183]

Bypass Diode Currents (A):
[ 7.6924e+00, -1.6000e-09, -1.6000e-09]

------------------------------------------------------------

--- Test 10 | Target Voltage: 4.4928 V ---
Total Panel Voltage : 4.4928 V
Total Panel Current : 8.6998 A
Total Power         : 43.6489 W

Cell Voltages (V):
[-0.0371, -0.0371, -0.0371, -0.0371, -0.0371, -0.0371, -0.0371, -0.0371, -0.0371, -0.0371, -0.0371,
 -0.0371, -0.0371, -0.0371, -0.0371, -0.0371,  0.1589,  0.1589,  0.1589,  0.1589,  0.1589,  0.1589,
  0.1589,  0.1589,  0.1589,  0.1589,  0.1589,  0.1589,  0.1589,  0.1589,  0.1589,  0.1589,  0.1589,
  0.1589,  0.1589,  0.1589,  0.1589,  0.1589,  0.1589,  0.1589,  0.1589,  0.1589,  0.1589,  0.1589,
  0.1589,  0.1589,  0.1589,  0.1589]

Cell Currents (A):
[1.0075, 1.0075, 1.0075, 1.0075, 1.0075, 1.0075, 1.0075, 1.0075, 1.0075, 1.0075, 1.0075, 1.0075,
 1.0075, 1.0075, 1.0075, 1.0075, 8.6998, 8.6998, 8.6998, 8.6998, 8.6998, 8.6998, 8.6998, 8.6998,
 8.6998, 8.6998, 8.6998, 8.6998, 8.6998, 8.6998, 8.6998, 8.6998, 8.6998, 8.6998, 8.6998, 8.6998,
 8.6998, 8.6998, 8.6998, 8.6998, 8.6998, 8.6998, 8.6998, 8.6998, 8.6998, 8.6998, 8.6998, 8.6998]

Bypass Diode Voltages (V):
[ 0.5932, -2.543 , -2.543 ]

Bypass Diode Currents (A):
[ 7.6923e+00, -1.6000e-09, -1.6000e-09]

------------------------------------------------------------

--- Test 11 | Target Voltage: 4.9420 V ---
Total Panel Voltage : 4.9420 V
Total Panel Current : 8.6997 A
Total Power         : 47.5571 W

Cell Voltages (V):
[-0.0371, -0.0371, -0.0371, -0.0371, -0.0371, -0.0371, -0.0371, -0.0371, -0.0371, -0.0371, -0.0371,
 -0.0371, -0.0371, -0.0371, -0.0371, -0.0371,  0.173 ,  0.173 ,  0.173 ,  0.173 ,  0.173 ,  0.173 ,
  0.173 ,  0.173 ,  0.173 ,  0.173 ,  0.173 ,  0.173 ,  0.173 ,  0.173 ,  0.173 ,  0.173 ,  0.173 ,
  0.173 ,  0.173 ,  0.173 ,  0.173 ,  0.173 ,  0.173 ,  0.173 ,  0.173 ,  0.173 ,  0.173 ,  0.173 ,
  0.173 ,  0.173 ,  0.173 ,  0.173 ]

Cell Currents (A):
[1.0075, 1.0075, 1.0075, 1.0075, 1.0075, 1.0075, 1.0075, 1.0075, 1.0075, 1.0075, 1.0075, 1.0075,
 1.0075, 1.0075, 1.0075, 1.0075, 8.6997, 8.6997, 8.6997, 8.6997, 8.6997, 8.6997, 8.6997, 8.6997,
 8.6997, 8.6997, 8.6997, 8.6997, 8.6997, 8.6997, 8.6997, 8.6997, 8.6997, 8.6997, 8.6997, 8.6997,
 8.6997, 8.6997, 8.6997, 8.6997, 8.6997, 8.6997, 8.6997, 8.6997, 8.6997, 8.6997, 8.6997, 8.6997]

Bypass Diode Voltages (V):
[ 0.5932, -2.7676, -2.7676]

Bypass Diode Currents (A):
[ 7.6922e+00, -1.6000e-09, -1.6000e-09]

------------------------------------------------------------

--- Test 12 | Target Voltage: 5.3913 V ---
Total Panel Voltage : 5.3913 V
Total Panel Current : 8.6996 A
Total Power         : 51.4652 W

Cell Voltages (V):
[-0.0371, -0.0371, -0.0371, -0.0371, -0.0371, -0.0371, -0.0371, -0.0371, -0.0371, -0.0371, -0.0371,
 -0.0371, -0.0371, -0.0371, -0.0371, -0.0371,  0.187 ,  0.187 ,  0.187 ,  0.187 ,  0.187 ,  0.187 ,
  0.187 ,  0.187 ,  0.187 ,  0.187 ,  0.187 ,  0.187 ,  0.187 ,  0.187 ,  0.187 ,  0.187 ,  0.187 ,
  0.187 ,  0.187 ,  0.187 ,  0.187 ,  0.187 ,  0.187 ,  0.187 ,  0.187 ,  0.187 ,  0.187 ,  0.187 ,
  0.187 ,  0.187 ,  0.187 ,  0.187 ]

Cell Currents (A):
[1.0075, 1.0075, 1.0075, 1.0075, 1.0075, 1.0075, 1.0075, 1.0075, 1.0075, 1.0075, 1.0075, 1.0075,
 1.0075, 1.0075, 1.0075, 1.0075, 8.6996, 8.6996, 8.6996, 8.6996, 8.6996, 8.6996, 8.6996, 8.6996,
 8.6996, 8.6996, 8.6996, 8.6996, 8.6996, 8.6996, 8.6996, 8.6996, 8.6996, 8.6996, 8.6996, 8.6996,
 8.6996, 8.6996, 8.6996, 8.6996, 8.6996, 8.6996, 8.6996, 8.6996, 8.6996, 8.6996, 8.6996, 8.6996]

Bypass Diode Voltages (V):
[ 0.5932, -2.9922, -2.9922]

Bypass Diode Currents (A):
[ 7.6922e+00, -1.6000e-09, -1.6000e-09]

------------------------------------------------------------

--- Test 13 | Target Voltage: 5.8406 V ---
Total Panel Voltage : 5.8406 V
Total Panel Current : 8.6996 A
Total Power         : 55.3733 W

Cell Voltages (V):
[-0.0371, -0.0371, -0.0371, -0.0371, -0.0371, -0.0371, -0.0371, -0.0371, -0.0371, -0.0371, -0.0371,
 -0.0371, -0.0371, -0.0371, -0.0371, -0.0371,  0.2011,  0.2011,  0.2011,  0.2011,  0.2011,  0.2011,
  0.2011,  0.2011,  0.2011,  0.2011,  0.2011,  0.2011,  0.2011,  0.2011,  0.2011,  0.2011,  0.2011,
  0.2011,  0.2011,  0.2011,  0.2011,  0.2011,  0.2011,  0.2011,  0.2011,  0.2011,  0.2011,  0.2011,
  0.2011,  0.2011,  0.2011,  0.2011]

Cell Currents (A):
[1.0075, 1.0075, 1.0075, 1.0075, 1.0075, 1.0075, 1.0075, 1.0075, 1.0075, 1.0075, 1.0075, 1.0075,
 1.0075, 1.0075, 1.0075, 1.0075, 8.6996, 8.6996, 8.6996, 8.6996, 8.6996, 8.6996, 8.6996, 8.6996,
 8.6996, 8.6996, 8.6996, 8.6996, 8.6996, 8.6996, 8.6996, 8.6996, 8.6996, 8.6996, 8.6996, 8.6996,
 8.6996, 8.6996, 8.6996, 8.6996, 8.6996, 8.6996, 8.6996, 8.6996, 8.6996, 8.6996, 8.6996, 8.6996]

Bypass Diode Voltages (V):
[ 0.5932, -3.2169, -3.2169]

Bypass Diode Currents (A):
[ 7.6921e+00, -1.6000e-09, -1.6000e-09]

------------------------------------------------------------

--- Test 14 | Target Voltage: 6.2899 V ---
Total Panel Voltage : 6.2899 V
Total Panel Current : 8.6995 A
Total Power         : 59.2813 W

Cell Voltages (V):
[-0.0371, -0.0371, -0.0371, -0.0371, -0.0371, -0.0371, -0.0371, -0.0371, -0.0371, -0.0371, -0.0371,
 -0.0371, -0.0371, -0.0371, -0.0371, -0.0371,  0.2151,  0.2151,  0.2151,  0.2151,  0.2151,  0.2151,
  0.2151,  0.2151,  0.2151,  0.2151,  0.2151,  0.2151,  0.2151,  0.2151,  0.2151,  0.2151,  0.2151,
  0.2151,  0.2151,  0.2151,  0.2151,  0.2151,  0.2151,  0.2151,  0.2151,  0.2151,  0.2151,  0.2151,
  0.2151,  0.2151,  0.2151,  0.2151]

Cell Currents (A):
[1.0075, 1.0075, 1.0075, 1.0075, 1.0075, 1.0075, 1.0075, 1.0075, 1.0075, 1.0075, 1.0075, 1.0075,
 1.0075, 1.0075, 1.0075, 1.0075, 8.6995, 8.6995, 8.6995, 8.6995, 8.6995, 8.6995, 8.6995, 8.6995,
 8.6995, 8.6995, 8.6995, 8.6995, 8.6995, 8.6995, 8.6995, 8.6995, 8.6995, 8.6995, 8.6995, 8.6995,
 8.6995, 8.6995, 8.6995, 8.6995, 8.6995, 8.6995, 8.6995, 8.6995, 8.6995, 8.6995, 8.6995, 8.6995]

Bypass Diode Voltages (V):
[ 0.5932, -3.4415, -3.4415]

Bypass Diode Currents (A):
[ 7.692e+00, -1.600e-09, -1.600e-09]

------------------------------------------------------------

--- Test 15 | Target Voltage: 6.7391 V ---
Total Panel Voltage : 6.7391 V
Total Panel Current : 8.6994 A
Total Power         : 63.1892 W

Cell Voltages (V):
[-0.0371, -0.0371, -0.0371, -0.0371, -0.0371, -0.0371, -0.0371, -0.0371, -0.0371, -0.0371, -0.0371,
 -0.0371, -0.0371, -0.0371, -0.0371, -0.0371,  0.2291,  0.2291,  0.2291,  0.2291,  0.2291,  0.2291,
  0.2291,  0.2291,  0.2291,  0.2291,  0.2291,  0.2291,  0.2291,  0.2291,  0.2291,  0.2291,  0.2291,
  0.2291,  0.2291,  0.2291,  0.2291,  0.2291,  0.2291,  0.2291,  0.2291,  0.2291,  0.2291,  0.2291,
  0.2291,  0.2291,  0.2291,  0.2291]

Cell Currents (A):
[1.0075, 1.0075, 1.0075, 1.0075, 1.0075, 1.0075, 1.0075, 1.0075, 1.0075, 1.0075, 1.0075, 1.0075,
 1.0075, 1.0075, 1.0075, 1.0075, 8.6994, 8.6994, 8.6994, 8.6994, 8.6994, 8.6994, 8.6994, 8.6994,
 8.6994, 8.6994, 8.6994, 8.6994, 8.6994, 8.6994, 8.6994, 8.6994, 8.6994, 8.6994, 8.6994, 8.6994,
 8.6994, 8.6994, 8.6994, 8.6994, 8.6994, 8.6994, 8.6994, 8.6994, 8.6994, 8.6994, 8.6994, 8.6994]

Bypass Diode Voltages (V):
[ 0.5932, -3.6662, -3.6662]

Bypass Diode Currents (A):
[ 7.6919e+00, -1.6000e-09, -1.6000e-09]

------------------------------------------------------------

--- Test 16 | Target Voltage: 7.1884 V ---
Total Panel Voltage : 7.1884 V
Total Panel Current : 8.6993 A
Total Power         : 67.0970 W

Cell Voltages (V):
[-0.0371, -0.0371, -0.0371, -0.0371, -0.0371, -0.0371, -0.0371, -0.0371, -0.0371, -0.0371, -0.0371,
 -0.0371, -0.0371, -0.0371, -0.0371, -0.0371,  0.2432,  0.2432,  0.2432,  0.2432,  0.2432,  0.2432,
  0.2432,  0.2432,  0.2432,  0.2432,  0.2432,  0.2432,  0.2432,  0.2432,  0.2432,  0.2432,  0.2432,
  0.2432,  0.2432,  0.2432,  0.2432,  0.2432,  0.2432,  0.2432,  0.2432,  0.2432,  0.2432,  0.2432,
  0.2432,  0.2432,  0.2432,  0.2432]

Cell Currents (A):
[1.0075, 1.0075, 1.0075, 1.0075, 1.0075, 1.0075, 1.0075, 1.0075, 1.0075, 1.0075, 1.0075, 1.0075,
 1.0075, 1.0075, 1.0075, 1.0075, 8.6993, 8.6993, 8.6993, 8.6993, 8.6993, 8.6993, 8.6993, 8.6993,
 8.6993, 8.6993, 8.6993, 8.6993, 8.6993, 8.6993, 8.6993, 8.6993, 8.6993, 8.6993, 8.6993, 8.6993,
 8.6993, 8.6993, 8.6993, 8.6993, 8.6993, 8.6993, 8.6993, 8.6993, 8.6993, 8.6993, 8.6993, 8.6993]

Bypass Diode Voltages (V):
[ 0.5932, -3.8908, -3.8908]

Bypass Diode Currents (A):
[ 7.6919e+00, -1.6000e-09, -1.6000e-09]

------------------------------------------------------------

--- Test 17 | Target Voltage: 7.6377 V ---
Total Panel Voltage : 7.6377 V
Total Panel Current : 8.6992 A
Total Power         : 71.0047 W

Cell Voltages (V):
[-0.0371, -0.0371, -0.0371, -0.0371, -0.0371, -0.0371, -0.0371, -0.0371, -0.0371, -0.0371, -0.0371,
 -0.0371, -0.0371, -0.0371, -0.0371, -0.0371,  0.2572,  0.2572,  0.2572,  0.2572,  0.2572,  0.2572,
  0.2572,  0.2572,  0.2572,  0.2572,  0.2572,  0.2572,  0.2572,  0.2572,  0.2572,  0.2572,  0.2572,
  0.2572,  0.2572,  0.2572,  0.2572,  0.2572,  0.2572,  0.2572,  0.2572,  0.2572,  0.2572,  0.2572,
  0.2572,  0.2572,  0.2572,  0.2572]

Cell Currents (A):
[1.0075, 1.0075, 1.0075, 1.0075, 1.0075, 1.0075, 1.0075, 1.0075, 1.0075, 1.0075, 1.0075, 1.0075,
 1.0075, 1.0075, 1.0075, 1.0075, 8.6992, 8.6992, 8.6992, 8.6992, 8.6992, 8.6992, 8.6992, 8.6992,
 8.6992, 8.6992, 8.6992, 8.6992, 8.6992, 8.6992, 8.6992, 8.6992, 8.6992, 8.6992, 8.6992, 8.6992,
 8.6992, 8.6992, 8.6992, 8.6992, 8.6992, 8.6992, 8.6992, 8.6992, 8.6992, 8.6992, 8.6992, 8.6992]

Bypass Diode Voltages (V):
[ 0.5932, -4.1154, -4.1154]

Bypass Diode Currents (A):
[ 7.6918e+00, -1.6000e-09, -1.6000e-09]

------------------------------------------------------------

--- Test 18 | Target Voltage: 8.0870 V ---
Total Panel Voltage : 8.0870 V
Total Panel Current : 8.6992 A
Total Power         : 74.9123 W

Cell Voltages (V):
[-0.0371, -0.0371, -0.0371, -0.0371, -0.0371, -0.0371, -0.0371, -0.0371, -0.0371, -0.0371, -0.0371,
 -0.0371, -0.0371, -0.0371, -0.0371, -0.0371,  0.2713,  0.2713,  0.2713,  0.2713,  0.2713,  0.2713,
  0.2713,  0.2713,  0.2713,  0.2713,  0.2713,  0.2713,  0.2713,  0.2713,  0.2713,  0.2713,  0.2713,
  0.2713,  0.2713,  0.2713,  0.2713,  0.2713,  0.2713,  0.2713,  0.2713,  0.2713,  0.2713,  0.2713,
  0.2713,  0.2713,  0.2713,  0.2713]

Cell Currents (A):
[1.0075, 1.0075, 1.0075, 1.0075, 1.0075, 1.0075, 1.0075, 1.0075, 1.0075, 1.0075, 1.0075, 1.0075,
 1.0075, 1.0075, 1.0075, 1.0075, 8.6992, 8.6992, 8.6992, 8.6992, 8.6992, 8.6992, 8.6992, 8.6992,
 8.6992, 8.6992, 8.6992, 8.6992, 8.6992, 8.6992, 8.6992, 8.6992, 8.6992, 8.6992, 8.6992, 8.6992,
 8.6992, 8.6992, 8.6992, 8.6992, 8.6992, 8.6992, 8.6992, 8.6992, 8.6992, 8.6992, 8.6992, 8.6992]

Bypass Diode Voltages (V):
[ 0.5932, -4.3401, -4.3401]

Bypass Diode Currents (A):
[ 7.6917e+00, -1.6001e-09, -1.6001e-09]

------------------------------------------------------------

--- Test 19 | Target Voltage: 8.5362 V ---
Total Panel Voltage : 8.5362 V
Total Panel Current : 8.6991 A
Total Power         : 78.8198 W

Cell Voltages (V):
[-0.0371, -0.0371, -0.0371, -0.0371, -0.0371, -0.0371, -0.0371, -0.0371, -0.0371, -0.0371, -0.0371,
 -0.0371, -0.0371, -0.0371, -0.0371, -0.0371,  0.2853,  0.2853,  0.2853,  0.2853,  0.2853,  0.2853,
  0.2853,  0.2853,  0.2853,  0.2853,  0.2853,  0.2853,  0.2853,  0.2853,  0.2853,  0.2853,  0.2853,
  0.2853,  0.2853,  0.2853,  0.2853,  0.2853,  0.2853,  0.2853,  0.2853,  0.2853,  0.2853,  0.2853,
  0.2853,  0.2853,  0.2853,  0.2853]

Cell Currents (A):
[1.0075, 1.0075, 1.0075, 1.0075, 1.0075, 1.0075, 1.0075, 1.0075, 1.0075, 1.0075, 1.0075, 1.0075,
 1.0075, 1.0075, 1.0075, 1.0075, 8.6991, 8.6991, 8.6991, 8.6991, 8.6991, 8.6991, 8.6991, 8.6991,
 8.6991, 8.6991, 8.6991, 8.6991, 8.6991, 8.6991, 8.6991, 8.6991, 8.6991, 8.6991, 8.6991, 8.6991,
 8.6991, 8.6991, 8.6991, 8.6991, 8.6991, 8.6991, 8.6991, 8.6991, 8.6991, 8.6991, 8.6991, 8.6991]

Bypass Diode Voltages (V):
[ 0.5932, -4.5647, -4.5647]

Bypass Diode Currents (A):
[ 7.6916e+00, -1.6001e-09, -1.6001e-09]

------------------------------------------------------------

--- Test 20 | Target Voltage: 8.9855 V ---
Total Panel Voltage : 8.9855 V
Total Panel Current : 8.6990 A
Total Power         : 82.7270 W

Cell Voltages (V):
[-0.0371, -0.0371, -0.0371, -0.0371, -0.0371, -0.0371, -0.0371, -0.0371, -0.0371, -0.0371, -0.0371,
 -0.0371, -0.0371, -0.0371, -0.0371, -0.0371,  0.2993,  0.2993,  0.2993,  0.2993,  0.2993,  0.2993,
  0.2993,  0.2993,  0.2993,  0.2993,  0.2993,  0.2993,  0.2993,  0.2993,  0.2993,  0.2993,  0.2993,
  0.2993,  0.2993,  0.2993,  0.2993,  0.2993,  0.2993,  0.2993,  0.2993,  0.2993,  0.2993,  0.2993,
  0.2993,  0.2993,  0.2993,  0.2993]

Cell Currents (A):
[1.0075, 1.0075, 1.0075, 1.0075, 1.0075, 1.0075, 1.0075, 1.0075, 1.0075, 1.0075, 1.0075, 1.0075,
 1.0075, 1.0075, 1.0075, 1.0075, 8.699 , 8.699 , 8.699 , 8.699 , 8.699 , 8.699 , 8.699 , 8.699 ,
 8.699 , 8.699 , 8.699 , 8.699 , 8.699 , 8.699 , 8.699 , 8.699 , 8.699 , 8.699 , 8.699 , 8.699 ,
 8.699 , 8.699 , 8.699 , 8.699 , 8.699 , 8.699 , 8.699 , 8.699 , 8.699 , 8.699 , 8.699 , 8.699 ]

Bypass Diode Voltages (V):
[ 0.5932, -4.7893, -4.7893]

Bypass Diode Currents (A):
[ 7.6915e+00, -1.6001e-09, -1.6001e-09]

------------------------------------------------------------

--- Test 21 | Target Voltage: 9.4348 V ---
Total Panel Voltage : 9.4348 V
Total Panel Current : 8.6988 A
Total Power         : 86.6338 W

Cell Voltages (V):
[-0.0371, -0.0371, -0.0371, -0.0371, -0.0371, -0.0371, -0.0371, -0.0371, -0.0371, -0.0371, -0.0371,
 -0.0371, -0.0371, -0.0371, -0.0371, -0.0371,  0.3134,  0.3134,  0.3134,  0.3134,  0.3134,  0.3134,
  0.3134,  0.3134,  0.3134,  0.3134,  0.3134,  0.3134,  0.3134,  0.3134,  0.3134,  0.3134,  0.3134,
  0.3134,  0.3134,  0.3134,  0.3134,  0.3134,  0.3134,  0.3134,  0.3134,  0.3134,  0.3134,  0.3134,
  0.3134,  0.3134,  0.3134,  0.3134]

Cell Currents (A):
[1.0075, 1.0075, 1.0075, 1.0075, 1.0075, 1.0075, 1.0075, 1.0075, 1.0075, 1.0075, 1.0075, 1.0075,
 1.0075, 1.0075, 1.0075, 1.0075, 8.6988, 8.6988, 8.6988, 8.6988, 8.6988, 8.6988, 8.6988, 8.6988,
 8.6988, 8.6988, 8.6988, 8.6988, 8.6988, 8.6988, 8.6988, 8.6988, 8.6988, 8.6988, 8.6988, 8.6988,
 8.6988, 8.6988, 8.6988, 8.6988, 8.6988, 8.6988, 8.6988, 8.6988, 8.6988, 8.6988, 8.6988, 8.6988]

Bypass Diode Voltages (V):
[ 0.5932, -5.014 , -5.014 ]

Bypass Diode Currents (A):
[ 7.6913e+00, -1.6001e-09, -1.6001e-09]

------------------------------------------------------------

--- Test 22 | Target Voltage: 9.8841 V ---
Total Panel Voltage : 9.8841 V
Total Panel Current : 8.6986 A
Total Power         : 90.5399 W

Cell Voltages (V):
[-0.0371, -0.0371, -0.0371, -0.0371, -0.0371, -0.0371, -0.0371, -0.0371, -0.0371, -0.0371, -0.0371,
 -0.0371, -0.0371, -0.0371, -0.0371, -0.0371,  0.3274,  0.3274,  0.3274,  0.3274,  0.3274,  0.3274,
  0.3274,  0.3274,  0.3274,  0.3274,  0.3274,  0.3274,  0.3274,  0.3274,  0.3274,  0.3274,  0.3274,
  0.3274,  0.3274,  0.3274,  0.3274,  0.3274,  0.3274,  0.3274,  0.3274,  0.3274,  0.3274,  0.3274,
  0.3274,  0.3274,  0.3274,  0.3274]

Cell Currents (A):
[1.0075, 1.0075, 1.0075, 1.0075, 1.0075, 1.0075, 1.0075, 1.0075, 1.0075, 1.0075, 1.0075, 1.0075,
 1.0075, 1.0075, 1.0075, 1.0075, 8.6986, 8.6986, 8.6986, 8.6986, 8.6986, 8.6986, 8.6986, 8.6986,
 8.6986, 8.6986, 8.6986, 8.6986, 8.6986, 8.6986, 8.6986, 8.6986, 8.6986, 8.6986, 8.6986, 8.6986,
 8.6986, 8.6986, 8.6986, 8.6986, 8.6986, 8.6986, 8.6986, 8.6986, 8.6986, 8.6986, 8.6986, 8.6986]

Bypass Diode Voltages (V):
[ 0.5932, -5.2386, -5.2386]

Bypass Diode Currents (A):
[ 7.6911e+00, -1.6002e-09, -1.6002e-09]

------------------------------------------------------------

--- Test 23 | Target Voltage: 10.3333 V ---
Total Panel Voltage : 10.3333 V
Total Panel Current : 8.6984 A
Total Power         : 94.4451 W

Cell Voltages (V):
[-0.0371, -0.0371, -0.0371, -0.0371, -0.0371, -0.0371, -0.0371, -0.0371, -0.0371, -0.0371, -0.0371,
 -0.0371, -0.0371, -0.0371, -0.0371, -0.0371,  0.3415,  0.3415,  0.3415,  0.3415,  0.3415,  0.3415,
  0.3415,  0.3415,  0.3415,  0.3415,  0.3415,  0.3415,  0.3415,  0.3415,  0.3415,  0.3415,  0.3415,
  0.3415,  0.3415,  0.3415,  0.3415,  0.3415,  0.3415,  0.3415,  0.3415,  0.3415,  0.3415,  0.3415,
  0.3415,  0.3415,  0.3415,  0.3415]

Cell Currents (A):
[1.0075, 1.0075, 1.0075, 1.0075, 1.0075, 1.0075, 1.0075, 1.0075, 1.0075, 1.0075, 1.0075, 1.0075,
 1.0075, 1.0075, 1.0075, 1.0075, 8.6984, 8.6984, 8.6984, 8.6984, 8.6984, 8.6984, 8.6984, 8.6984,
 8.6984, 8.6984, 8.6984, 8.6984, 8.6984, 8.6984, 8.6984, 8.6984, 8.6984, 8.6984, 8.6984, 8.6984,
 8.6984, 8.6984, 8.6984, 8.6984, 8.6984, 8.6984, 8.6984, 8.6984, 8.6984, 8.6984, 8.6984, 8.6984]

Bypass Diode Voltages (V):
[ 0.5932, -5.4633, -5.4633]

Bypass Diode Currents (A):
[ 7.6909e+00, -1.6002e-09, -1.6002e-09]

------------------------------------------------------------

--- Test 24 | Target Voltage: 10.7826 V ---
Total Panel Voltage : 10.7826 V
Total Panel Current : 8.6979 A
Total Power         : 98.3484 W

Cell Voltages (V):
[-0.0371, -0.0371, -0.0371, -0.0371, -0.0371, -0.0371, -0.0371, -0.0371, -0.0371, -0.0371, -0.0371,
 -0.0371, -0.0371, -0.0371, -0.0371, -0.0371,  0.3555,  0.3555,  0.3555,  0.3555,  0.3555,  0.3555,
  0.3555,  0.3555,  0.3555,  0.3555,  0.3555,  0.3555,  0.3555,  0.3555,  0.3555,  0.3555,  0.3555,
  0.3555,  0.3555,  0.3555,  0.3555,  0.3555,  0.3555,  0.3555,  0.3555,  0.3555,  0.3555,  0.3555,
  0.3555,  0.3555,  0.3555,  0.3555]

Cell Currents (A):
[1.0075, 1.0075, 1.0075, 1.0075, 1.0075, 1.0075, 1.0075, 1.0075, 1.0075, 1.0075, 1.0075, 1.0075,
 1.0075, 1.0075, 1.0075, 1.0075, 8.6979, 8.6979, 8.6979, 8.6979, 8.6979, 8.6979, 8.6979, 8.6979,
 8.6979, 8.6979, 8.6979, 8.6979, 8.6979, 8.6979, 8.6979, 8.6979, 8.6979, 8.6979, 8.6979, 8.6979,
 8.6979, 8.6979, 8.6979, 8.6979, 8.6979, 8.6979, 8.6979, 8.6979, 8.6979, 8.6979, 8.6979, 8.6979]

Bypass Diode Voltages (V):
[ 0.5932, -5.6879, -5.6879]

Bypass Diode Currents (A):
[ 7.6905e+00, -1.6003e-09, -1.6003e-09]

------------------------------------------------------------

--- Test 25 | Target Voltage: 11.2319 V ---
Total Panel Voltage : 11.2319 V
Total Panel Current : 8.6973 A
Total Power         : 102.2486 W

Cell Voltages (V):
[-0.0371, -0.0371, -0.0371, -0.0371, -0.0371, -0.0371, -0.0371, -0.0371, -0.0371, -0.0371, -0.0371,
 -0.0371, -0.0371, -0.0371, -0.0371, -0.0371,  0.3695,  0.3695,  0.3695,  0.3695,  0.3695,  0.3695,
  0.3695,  0.3695,  0.3695,  0.3695,  0.3695,  0.3695,  0.3695,  0.3695,  0.3695,  0.3695,  0.3695,
  0.3695,  0.3695,  0.3695,  0.3695,  0.3695,  0.3695,  0.3695,  0.3695,  0.3695,  0.3695,  0.3695,
  0.3695,  0.3695,  0.3695,  0.3695]

Cell Currents (A):
[1.0075, 1.0075, 1.0075, 1.0075, 1.0075, 1.0075, 1.0075, 1.0075, 1.0075, 1.0075, 1.0075, 1.0075,
 1.0075, 1.0075, 1.0075, 1.0075, 8.6973, 8.6973, 8.6973, 8.6973, 8.6973, 8.6973, 8.6973, 8.6973,
 8.6973, 8.6973, 8.6973, 8.6973, 8.6973, 8.6973, 8.6973, 8.6973, 8.6973, 8.6973, 8.6973, 8.6973,
 8.6973, 8.6973, 8.6973, 8.6973, 8.6973, 8.6973, 8.6973, 8.6973, 8.6973, 8.6973, 8.6973, 8.6973]

Bypass Diode Voltages (V):
[ 0.5932, -5.9125, -5.9125]

Bypass Diode Currents (A):
[ 7.6898e+00, -1.6005e-09, -1.6005e-09]

------------------------------------------------------------

--- Test 26 | Target Voltage: 11.6812 V ---
Total Panel Voltage : 11.6812 V
Total Panel Current : 8.6963 A
Total Power         : 106.1434 W

Cell Voltages (V):
[-0.0371, -0.0371, -0.0371, -0.0371, -0.0371, -0.0371, -0.0371, -0.0371, -0.0371, -0.0371, -0.0371,
 -0.0371, -0.0371, -0.0371, -0.0371, -0.0371,  0.3836,  0.3836,  0.3836,  0.3836,  0.3836,  0.3836,
  0.3836,  0.3836,  0.3836,  0.3836,  0.3836,  0.3836,  0.3836,  0.3836,  0.3836,  0.3836,  0.3836,
  0.3836,  0.3836,  0.3836,  0.3836,  0.3836,  0.3836,  0.3836,  0.3836,  0.3836,  0.3836,  0.3836,
  0.3836,  0.3836,  0.3836,  0.3836]

Cell Currents (A):
[1.0075, 1.0075, 1.0075, 1.0075, 1.0075, 1.0075, 1.0075, 1.0075, 1.0075, 1.0075, 1.0075, 1.0075,
 1.0075, 1.0075, 1.0075, 1.0075, 8.6963, 8.6963, 8.6963, 8.6963, 8.6963, 8.6963, 8.6963, 8.6963,
 8.6963, 8.6963, 8.6963, 8.6963, 8.6963, 8.6963, 8.6963, 8.6963, 8.6963, 8.6963, 8.6963, 8.6963,
 8.6963, 8.6963, 8.6963, 8.6963, 8.6963, 8.6963, 8.6963, 8.6963, 8.6963, 8.6963, 8.6963, 8.6963]

Bypass Diode Voltages (V):
[ 0.5932, -6.1372, -6.1372]

Bypass Diode Currents (A):
[ 7.6888e+00, -1.6007e-09, -1.6007e-09]

------------------------------------------------------------

--- Test 27 | Target Voltage: 12.1304 V ---
Total Panel Voltage : 12.1304 V
Total Panel Current : 8.6946 A
Total Power         : 110.0289 W

Cell Voltages (V):
[-0.0371, -0.0371, -0.0371, -0.0371, -0.0371, -0.0371, -0.0371, -0.0371, -0.0371, -0.0371, -0.0371,
 -0.0371, -0.0371, -0.0371, -0.0371, -0.0371,  0.3976,  0.3976,  0.3976,  0.3976,  0.3976,  0.3976,
  0.3976,  0.3976,  0.3976,  0.3976,  0.3976,  0.3976,  0.3976,  0.3976,  0.3976,  0.3976,  0.3976,
  0.3976,  0.3976,  0.3976,  0.3976,  0.3976,  0.3976,  0.3976,  0.3976,  0.3976,  0.3976,  0.3976,
  0.3976,  0.3976,  0.3976,  0.3976]

Cell Currents (A):
[1.0075, 1.0075, 1.0075, 1.0075, 1.0075, 1.0075, 1.0075, 1.0075, 1.0075, 1.0075, 1.0075, 1.0075,
 1.0075, 1.0075, 1.0075, 1.0075, 8.6946, 8.6946, 8.6946, 8.6946, 8.6946, 8.6946, 8.6946, 8.6946,
 8.6946, 8.6946, 8.6946, 8.6946, 8.6946, 8.6946, 8.6946, 8.6946, 8.6946, 8.6946, 8.6946, 8.6946,
 8.6946, 8.6946, 8.6946, 8.6946, 8.6946, 8.6946, 8.6946, 8.6946, 8.6946, 8.6946, 8.6946, 8.6946]

Bypass Diode Voltages (V):
[ 0.5932, -6.3618, -6.3618]

Bypass Diode Currents (A):
[ 7.6871e+00, -1.6009e-09, -1.6009e-09]

------------------------------------------------------------

--- Test 28 | Target Voltage: 12.5797 V ---
Total Panel Voltage : 12.5797 V
Total Panel Current : 8.6918 A
Total Power         : 113.8980 W

Cell Voltages (V):
[-0.0371, -0.0371, -0.0371, -0.0371, -0.0371, -0.0371, -0.0371, -0.0371, -0.0371, -0.0371, -0.0371,
 -0.0371, -0.0371, -0.0371, -0.0371, -0.0371,  0.4117,  0.4117,  0.4117,  0.4117,  0.4117,  0.4117,
  0.4117,  0.4117,  0.4117,  0.4117,  0.4117,  0.4117,  0.4117,  0.4117,  0.4117,  0.4117,  0.4117,
  0.4117,  0.4117,  0.4117,  0.4117,  0.4117,  0.4117,  0.4117,  0.4117,  0.4117,  0.4117,  0.4117,
  0.4117,  0.4117,  0.4117,  0.4117]

Cell Currents (A):
[1.0075, 1.0075, 1.0075, 1.0075, 1.0075, 1.0075, 1.0075, 1.0075, 1.0075, 1.0075, 1.0075, 1.0075,
 1.0075, 1.0075, 1.0075, 1.0075, 8.6918, 8.6918, 8.6918, 8.6918, 8.6918, 8.6918, 8.6918, 8.6918,
 8.6918, 8.6918, 8.6918, 8.6918, 8.6918, 8.6918, 8.6918, 8.6918, 8.6918, 8.6918, 8.6918, 8.6918,
 8.6918, 8.6918, 8.6918, 8.6918, 8.6918, 8.6918, 8.6918, 8.6918, 8.6918, 8.6918, 8.6918, 8.6918]

Bypass Diode Voltages (V):
[ 0.5932, -6.5864, -6.5864]

Bypass Diode Currents (A):
[ 7.6843e+00, -1.6014e-09, -1.6014e-09]

------------------------------------------------------------

--- Test 29 | Target Voltage: 13.0290 V ---
Total Panel Voltage : 13.0290 V
Total Panel Current : 8.6871 A
Total Power         : 117.7388 W

Cell Voltages (V):
[-0.0371, -0.0371, -0.0371, -0.0371, -0.0371, -0.0371, -0.0371, -0.0371, -0.0371, -0.0371, -0.0371,
 -0.0371, -0.0371, -0.0371, -0.0371, -0.0371,  0.4257,  0.4257,  0.4257,  0.4257,  0.4257,  0.4257,
  0.4257,  0.4257,  0.4257,  0.4257,  0.4257,  0.4257,  0.4257,  0.4257,  0.4257,  0.4257,  0.4257,
  0.4257,  0.4257,  0.4257,  0.4257,  0.4257,  0.4257,  0.4257,  0.4257,  0.4257,  0.4257,  0.4257,
  0.4257,  0.4257,  0.4257,  0.4257]

Cell Currents (A):
[1.0075, 1.0075, 1.0075, 1.0075, 1.0075, 1.0075, 1.0075, 1.0075, 1.0075, 1.0075, 1.0075, 1.0075,
 1.0075, 1.0075, 1.0075, 1.0075, 8.6871, 8.6871, 8.6871, 8.6871, 8.6871, 8.6871, 8.6871, 8.6871,
 8.6871, 8.6871, 8.6871, 8.6871, 8.6871, 8.6871, 8.6871, 8.6871, 8.6871, 8.6871, 8.6871, 8.6871,
 8.6871, 8.6871, 8.6871, 8.6871, 8.6871, 8.6871, 8.6871, 8.6871, 8.6871, 8.6871, 8.6871, 8.6871]

Bypass Diode Voltages (V):
[ 0.5931, -6.8111, -6.8111]

Bypass Diode Currents (A):
[ 7.6796e+00, -1.6020e-09, -1.6020e-09]

------------------------------------------------------------

--- Test 30 | Target Voltage: 13.4783 V ---
Total Panel Voltage : 13.4783 V
Total Panel Current : 8.6792 A
Total Power         : 121.5303 W

Cell Voltages (V):
[-0.0371, -0.0371, -0.0371, -0.0371, -0.0371, -0.0371, -0.0371, -0.0371, -0.0371, -0.0371, -0.0371,
 -0.0371, -0.0371, -0.0371, -0.0371, -0.0371,  0.4397,  0.4397,  0.4397,  0.4397,  0.4397,  0.4397,
  0.4397,  0.4397,  0.4397,  0.4397,  0.4397,  0.4397,  0.4397,  0.4397,  0.4397,  0.4397,  0.4397,
  0.4397,  0.4397,  0.4397,  0.4397,  0.4397,  0.4397,  0.4397,  0.4397,  0.4397,  0.4397,  0.4397,
  0.4397,  0.4397,  0.4397,  0.4397]

Cell Currents (A):
[1.0075, 1.0075, 1.0075, 1.0075, 1.0075, 1.0075, 1.0075, 1.0075, 1.0075, 1.0075, 1.0075, 1.0075,
 1.0075, 1.0075, 1.0075, 1.0075, 8.6792, 8.6792, 8.6792, 8.6792, 8.6792, 8.6792, 8.6792, 8.6792,
 8.6792, 8.6792, 8.6792, 8.6792, 8.6792, 8.6792, 8.6792, 8.6792, 8.6792, 8.6792, 8.6792, 8.6792,
 8.6792, 8.6792, 8.6792, 8.6792, 8.6792, 8.6792, 8.6792, 8.6792, 8.6792, 8.6792, 8.6792, 8.6792]

Bypass Diode Voltages (V):
[ 0.5931, -7.0357, -7.0357]

Bypass Diode Currents (A):
[ 7.6717e+00, -1.6028e-09, -1.6028e-09]

------------------------------------------------------------

--- Test 31 | Target Voltage: 13.9275 V ---
Total Panel Voltage : 13.9275 V
Total Panel Current : 8.6659 A
Total Power         : 125.2363 W

Cell Voltages (V):
[-0.0371, -0.0371, -0.0371, -0.0371, -0.0371, -0.0371, -0.0371, -0.0371, -0.0371, -0.0371, -0.0371,
 -0.0371, -0.0371, -0.0371, -0.0371, -0.0371,  0.4538,  0.4538,  0.4538,  0.4538,  0.4538,  0.4538,
  0.4538,  0.4538,  0.4538,  0.4538,  0.4538,  0.4538,  0.4538,  0.4538,  0.4538,  0.4538,  0.4538,
  0.4538,  0.4538,  0.4538,  0.4538,  0.4538,  0.4538,  0.4538,  0.4538,  0.4538,  0.4538,  0.4538,
  0.4538,  0.4538,  0.4538,  0.4538]

Cell Currents (A):
[1.0075, 1.0075, 1.0075, 1.0075, 1.0075, 1.0075, 1.0075, 1.0075, 1.0075, 1.0075, 1.0075, 1.0075,
 1.0075, 1.0075, 1.0075, 1.0075, 8.6659, 8.6659, 8.6659, 8.6659, 8.6659, 8.6659, 8.6659, 8.6659,
 8.6659, 8.6659, 8.6659, 8.6659, 8.6659, 8.6659, 8.6659, 8.6659, 8.6659, 8.6659, 8.6659, 8.6659,
 8.6659, 8.6659, 8.6659, 8.6659, 8.6659, 8.6659, 8.6659, 8.6659, 8.6659, 8.6659, 8.6659, 8.6659]

Bypass Diode Voltages (V):
[ 0.5931, -7.2603, -7.2603]

Bypass Diode Currents (A):
[ 7.6584e+00, -1.6034e-09, -1.6034e-09]

------------------------------------------------------------

--- Test 32 | Target Voltage: 14.3768 V ---
Total Panel Voltage : 14.3768 V
Total Panel Current : 8.6436 A
Total Power         : 128.7951 W

Cell Voltages (V):
[-0.0371, -0.0371, -0.0371, -0.0371, -0.0371, -0.0371, -0.0371, -0.0371, -0.0371, -0.0371, -0.0371,
 -0.0371, -0.0371, -0.0371, -0.0371, -0.0371,  0.4678,  0.4678,  0.4678,  0.4678,  0.4678,  0.4678,
  0.4678,  0.4678,  0.4678,  0.4678,  0.4678,  0.4678,  0.4678,  0.4678,  0.4678,  0.4678,  0.4678,
  0.4678,  0.4678,  0.4678,  0.4678,  0.4678,  0.4678,  0.4678,  0.4678,  0.4678,  0.4678,  0.4678,
  0.4678,  0.4678,  0.4678,  0.4678]

Cell Currents (A):
[1.0075, 1.0075, 1.0075, 1.0075, 1.0075, 1.0075, 1.0075, 1.0075, 1.0075, 1.0075, 1.0075, 1.0075,
 1.0075, 1.0075, 1.0075, 1.0075, 8.6436, 8.6436, 8.6436, 8.6436, 8.6436, 8.6436, 8.6436, 8.6436,
 8.6436, 8.6436, 8.6436, 8.6436, 8.6436, 8.6436, 8.6436, 8.6436, 8.6436, 8.6436, 8.6436, 8.6436,
 8.6436, 8.6436, 8.6436, 8.6436, 8.6436, 8.6436, 8.6436, 8.6436, 8.6436, 8.6436, 8.6436, 8.6436]

Bypass Diode Voltages (V):
[ 0.593 , -7.4849, -7.4849]

Bypass Diode Currents (A):
[ 7.6361e+00, -1.6000e-09, -1.6000e-09]

------------------------------------------------------------

--- Test 33 | Target Voltage: 14.8261 V ---
Total Panel Voltage : 14.8261 V
Total Panel Current : 8.6062 A
Total Power         : 132.1015 W

Cell Voltages (V):
[-0.0371, -0.0371, -0.0371, -0.0371, -0.0371, -0.0371, -0.0371, -0.0371, -0.0371, -0.0371, -0.0371,
 -0.0371, -0.0371, -0.0371, -0.0371, -0.0371,  0.4818,  0.4818,  0.4818,  0.4818,  0.4818,  0.4818,
  0.4818,  0.4818,  0.4818,  0.4818,  0.4818,  0.4818,  0.4818,  0.4818,  0.4818,  0.4818,  0.4818,
  0.4818,  0.4818,  0.4818,  0.4818,  0.4818,  0.4818,  0.4818,  0.4818,  0.4818,  0.4818,  0.4818,
  0.4818,  0.4818,  0.4818,  0.4818]

Cell Currents (A):
[1.0075, 1.0075, 1.0075, 1.0075, 1.0075, 1.0075, 1.0075, 1.0075, 1.0075, 1.0075, 1.0075, 1.0075,
 1.0075, 1.0075, 1.0075, 1.0075, 8.6062, 8.6062, 8.6062, 8.6062, 8.6062, 8.6062, 8.6062, 8.6062,
 8.6062, 8.6062, 8.6062, 8.6062, 8.6062, 8.6062, 8.6062, 8.6062, 8.6062, 8.6062, 8.6062, 8.6062,
 8.6062, 8.6062, 8.6062, 8.6062, 8.6062, 8.6062, 8.6062, 8.6062, 8.6062, 8.6062, 8.6062, 8.6062]

Bypass Diode Voltages (V):
[ 0.5929, -7.7095, -7.7095]

Bypass Diode Currents (A):
[ 7.5987e+00, -1.6000e-09, -1.6000e-09]

------------------------------------------------------------

--- Test 34 | Target Voltage: 15.2754 V ---
Total Panel Voltage : 15.2754 V
Total Panel Current : 8.5441 A
Total Power         : 134.9806 W

Cell Voltages (V):
[-0.037 , -0.037 , -0.037 , -0.037 , -0.037 , -0.037 , -0.037 , -0.037 , -0.037 , -0.037 , -0.037 ,
 -0.037 , -0.037 , -0.037 , -0.037 , -0.037 ,  0.4959,  0.4959,  0.4959,  0.4959,  0.4959,  0.4959,
  0.4959,  0.4959,  0.4959,  0.4959,  0.4959,  0.4959,  0.4959,  0.4959,  0.4959,  0.4959,  0.4959,
  0.4959,  0.4959,  0.4959,  0.4959,  0.4959,  0.4959,  0.4959,  0.4959,  0.4959,  0.4959,  0.4959,
  0.4959,  0.4959,  0.4959,  0.4959]

Cell Currents (A):
[1.0075, 1.0075, 1.0075, 1.0075, 1.0075, 1.0075, 1.0075, 1.0075, 1.0075, 1.0075, 1.0075, 1.0075,
 1.0075, 1.0075, 1.0075, 1.0075, 8.5441, 8.5441, 8.5441, 8.5441, 8.5441, 8.5441, 8.5441, 8.5441,
 8.5441, 8.5441, 8.5441, 8.5441, 8.5441, 8.5441, 8.5441, 8.5441, 8.5441, 8.5441, 8.5441, 8.5441,
 8.5441, 8.5441, 8.5441, 8.5441, 8.5441, 8.5441, 8.5441, 8.5441, 8.5441, 8.5441, 8.5441, 8.5441]

Bypass Diode Voltages (V):
[ 0.5926, -7.934 , -7.934 ]

Bypass Diode Currents (A):
[ 7.5366e+00, -1.6000e-09, -1.6000e-09]

------------------------------------------------------------

--- Test 35 | Target Voltage: 15.7246 V ---
Total Panel Voltage : 15.7246 V
Total Panel Current : 8.4419 A
Total Power         : 137.1484 W

Cell Voltages (V):
[-0.037 , -0.037 , -0.037 , -0.037 , -0.037 , -0.037 , -0.037 , -0.037 , -0.037 , -0.037 , -0.037 ,
 -0.037 , -0.037 , -0.037 , -0.037 , -0.037 ,  0.5099,  0.5099,  0.5099,  0.5099,  0.5099,  0.5099,
  0.5099,  0.5099,  0.5099,  0.5099,  0.5099,  0.5099,  0.5099,  0.5099,  0.5099,  0.5099,  0.5099,
  0.5099,  0.5099,  0.5099,  0.5099,  0.5099,  0.5099,  0.5099,  0.5099,  0.5099,  0.5099,  0.5099,
  0.5099,  0.5099,  0.5099,  0.5099]

Cell Currents (A):
[1.0075, 1.0075, 1.0075, 1.0075, 1.0075, 1.0075, 1.0075, 1.0075, 1.0075, 1.0075, 1.0075, 1.0075,
 1.0075, 1.0075, 1.0075, 1.0075, 8.4419, 8.4419, 8.4419, 8.4419, 8.4419, 8.4419, 8.4419, 8.4419,
 8.4419, 8.4419, 8.4419, 8.4419, 8.4419, 8.4419, 8.4419, 8.4419, 8.4419, 8.4419, 8.4419, 8.4419,
 8.4419, 8.4419, 8.4419, 8.4419, 8.4419, 8.4419, 8.4419, 8.4419, 8.4419, 8.4419, 8.4419, 8.4419]

Bypass Diode Voltages (V):
[ 0.5923, -8.1585, -8.1585]

Bypass Diode Currents (A):
[ 7.4344e+00, -1.6000e-09, -1.6000e-09]

------------------------------------------------------------

--- Test 36 | Target Voltage: 16.1739 V ---
Total Panel Voltage : 16.1739 V
Total Panel Current : 8.2765 A
Total Power         : 138.1649 W

Cell Voltages (V):
[-0.037 , -0.037 , -0.037 , -0.037 , -0.037 , -0.037 , -0.037 , -0.037 , -0.037 , -0.037 , -0.037 ,
 -0.037 , -0.037 , -0.037 , -0.037 , -0.037 ,  0.5239,  0.5239,  0.5239,  0.5239,  0.5239,  0.5239,
  0.5239,  0.5239,  0.5239,  0.5239,  0.5239,  0.5239,  0.5239,  0.5239,  0.5239,  0.5239,  0.5239,
  0.5239,  0.5239,  0.5239,  0.5239,  0.5239,  0.5239,  0.5239,  0.5239,  0.5239,  0.5239,  0.5239,
  0.5239,  0.5239,  0.5239,  0.5239]

Cell Currents (A):
[1.0075, 1.0075, 1.0075, 1.0075, 1.0075, 1.0075, 1.0075, 1.0075, 1.0075, 1.0075, 1.0075, 1.0075,
 1.0075, 1.0075, 1.0075, 1.0075, 8.2765, 8.2765, 8.2765, 8.2765, 8.2765, 8.2765, 8.2765, 8.2765,
 8.2765, 8.2765, 8.2765, 8.2765, 8.2765, 8.2765, 8.2765, 8.2765, 8.2765, 8.2765, 8.2765, 8.2765,
 8.2765, 8.2765, 8.2765, 8.2765, 8.2765, 8.2765, 8.2765, 8.2765, 8.2765, 8.2765, 8.2765, 8.2765]

Bypass Diode Voltages (V):
[ 0.5917, -8.3828, -8.3828]

Bypass Diode Currents (A):
[ 7.2691e+00, -1.6000e-09, -1.6000e-09]

------------------------------------------------------------

--- Test 37 | Target Voltage: 16.6232 V ---
Total Panel Voltage : 16.6232 V
Total Panel Current : 8.0161 A
Total Power         : 137.3928 W

Cell Voltages (V):
[-0.0369, -0.0369, -0.0369, -0.0369, -0.0369, -0.0369, -0.0369, -0.0369, -0.0369, -0.0369, -0.0369,
 -0.0369, -0.0369, -0.0369, -0.0369, -0.0369,  0.5379,  0.5379,  0.5379,  0.5379,  0.5379,  0.5379,
  0.5379,  0.5379,  0.5379,  0.5379,  0.5379,  0.5379,  0.5379,  0.5379,  0.5379,  0.5379,  0.5379,
  0.5379,  0.5379,  0.5379,  0.5379,  0.5379,  0.5379,  0.5379,  0.5379,  0.5379,  0.5379,  0.5379,
  0.5379,  0.5379,  0.5379,  0.5379]

Cell Currents (A):
[1.0075, 1.0075, 1.0075, 1.0075, 1.0075, 1.0075, 1.0075, 1.0075, 1.0075, 1.0075, 1.0075, 1.0075,
 1.0075, 1.0075, 1.0075, 1.0075, 8.0161, 8.0161, 8.0161, 8.0161, 8.0161, 8.0161, 8.0161, 8.0161,
 8.0161, 8.0161, 8.0161, 8.0161, 8.0161, 8.0161, 8.0161, 8.0161, 8.0161, 8.0161, 8.0161, 8.0161,
 8.0161, 8.0161, 8.0161, 8.0161, 8.0161, 8.0161, 8.0161, 8.0161, 8.0161, 8.0161, 8.0161, 8.0161]

Bypass Diode Voltages (V):
[ 0.5907, -8.6069, -8.6069]

Bypass Diode Currents (A):
[ 7.0086e+00, -1.6000e-09, -1.6000e-09]

------------------------------------------------------------

--- Test 38 | Target Voltage: 17.0725 V ---
Total Panel Voltage : 17.0725 V
Total Panel Current : 7.6206 A
Total Power         : 133.9989 W

Cell Voltages (V):
[-0.0368, -0.0368, -0.0368, -0.0368, -0.0368, -0.0368, -0.0368, -0.0368, -0.0368, -0.0368, -0.0368,
 -0.0368, -0.0368, -0.0368, -0.0368, -0.0368,  0.5519,  0.5519,  0.5519,  0.5519,  0.5519,  0.5519,
  0.5519,  0.5519,  0.5519,  0.5519,  0.5519,  0.5519,  0.5519,  0.5519,  0.5519,  0.5519,  0.5519,
  0.5519,  0.5519,  0.5519,  0.5519,  0.5519,  0.5519,  0.5519,  0.5519,  0.5519,  0.5519,  0.5519,
  0.5519,  0.5519,  0.5519,  0.5519]

Cell Currents (A):
[1.0075, 1.0075, 1.0075, 1.0075, 1.0075, 1.0075, 1.0075, 1.0075, 1.0075, 1.0075, 1.0075, 1.0075,
 1.0075, 1.0075, 1.0075, 1.0075, 7.6206, 7.6206, 7.6206, 7.6206, 7.6206, 7.6206, 7.6206, 7.6206,
 7.6206, 7.6206, 7.6206, 7.6206, 7.6206, 7.6206, 7.6206, 7.6206, 7.6206, 7.6206, 7.6206, 7.6206,
 7.6206, 7.6206, 7.6206, 7.6206, 7.6206, 7.6206, 7.6206, 7.6206, 7.6206, 7.6206, 7.6206, 7.6206]

Bypass Diode Voltages (V):
[ 0.5892, -8.8308, -8.8308]

Bypass Diode Currents (A):
[ 6.6131e+00, -1.6000e-09, -1.6000e-09]

------------------------------------------------------------

--- Test 39 | Target Voltage: 17.5217 V ---
Total Panel Voltage : 17.5217 V
Total Panel Current : 7.0483 A
Total Power         : 127.0423 W

Cell Voltages (V):
[-0.0367, -0.0367, -0.0367, -0.0367, -0.0367, -0.0367, -0.0367, -0.0367, -0.0367, -0.0367, -0.0367,
 -0.0367, -0.0367, -0.0367, -0.0367, -0.0367,  0.5659,  0.5659,  0.5659,  0.5659,  0.5659,  0.5659,
  0.5659,  0.5659,  0.5659,  0.5659,  0.5659,  0.5659,  0.5659,  0.5659,  0.5659,  0.5659,  0.5659,
  0.5659,  0.5659,  0.5659,  0.5659,  0.5659,  0.5659,  0.5659,  0.5659,  0.5659,  0.5659,  0.5659,
  0.5659,  0.5659,  0.5659,  0.5659]

Cell Currents (A):
[1.0075, 1.0075, 1.0075, 1.0075, 1.0075, 1.0075, 1.0075, 1.0075, 1.0075, 1.0075, 1.0075, 1.0075,
 1.0075, 1.0075, 1.0075, 1.0075, 7.0483, 7.0483, 7.0483, 7.0483, 7.0483, 7.0483, 7.0483, 7.0483,
 7.0483, 7.0483, 7.0483, 7.0483, 7.0483, 7.0483, 7.0483, 7.0483, 7.0483, 7.0483, 7.0483, 7.0483,
 7.0483, 7.0483, 7.0483, 7.0483, 7.0483, 7.0483, 7.0483, 7.0483, 7.0483, 7.0483, 7.0483, 7.0483]

Bypass Diode Voltages (V):
[ 0.5868, -9.0542, -9.0542]

Bypass Diode Currents (A):
[ 6.0408e+00, -1.6000e-09, -1.6000e-09]

------------------------------------------------------------

--- Test 40 | Target Voltage: 17.9710 V ---
Total Panel Voltage : 17.9710 V
Total Panel Current : 6.2650 A
Total Power         : 115.6548 W

Cell Voltages (V):
[-0.0364, -0.0364, -0.0364, -0.0364, -0.0364, -0.0364, -0.0364, -0.0364, -0.0364, -0.0364, -0.0364,
 -0.0364, -0.0364, -0.0364, -0.0364, -0.0364,  0.5798,  0.5798,  0.5798,  0.5798,  0.5798,  0.5798,
  0.5798,  0.5798,  0.5798,  0.5798,  0.5798,  0.5798,  0.5798,  0.5798,  0.5798,  0.5798,  0.5798,
  0.5798,  0.5798,  0.5798,  0.5798,  0.5798,  0.5798,  0.5798,  0.5798,  0.5798,  0.5798,  0.5798,
  0.5798,  0.5798,  0.5798,  0.5798]

Cell Currents (A):
[1.0075, 1.0075, 1.0075, 1.0075, 1.0075, 1.0075, 1.0075, 1.0075, 1.0075, 1.0075, 1.0075, 1.0075,
 1.0075, 1.0075, 1.0075, 1.0075, 6.265 , 6.265 , 6.265 , 6.265 , 6.265 , 6.265 , 6.265 , 6.265 ,
 6.265 , 6.265 , 6.265 , 6.265 , 6.265 , 6.265 , 6.265 , 6.265 , 6.265 , 6.265 , 6.265 , 6.265 ,
 6.265 , 6.265 , 6.265 , 6.265 , 6.265 , 6.265 , 6.265 , 6.265 , 6.265 , 6.265 , 6.265 , 6.265 ]

Bypass Diode Voltages (V):
[ 0.5831, -9.277 , -9.277 ]

Bypass Diode Currents (A):
[ 5.2576e+00, -1.6000e-09, -1.6000e-09]

------------------------------------------------------------

--- Test 41 | Target Voltage: 18.4203 V ---
Total Panel Voltage : 18.4203 V
Total Panel Current : 5.2548 A
Total Power         : 99.2466 W

Cell Voltages (V):
[-0.0361, -0.0361, -0.0361, -0.0361, -0.0361, -0.0361, -0.0361, -0.0361, -0.0361, -0.0361, -0.0361,
 -0.0361, -0.0361, -0.0361, -0.0361, -0.0361,  0.5937,  0.5937,  0.5937,  0.5937,  0.5937,  0.5937,
  0.5937,  0.5937,  0.5937,  0.5937,  0.5937,  0.5937,  0.5937,  0.5937,  0.5937,  0.5937,  0.5937,
  0.5937,  0.5937,  0.5937,  0.5937,  0.5937,  0.5937,  0.5937,  0.5937,  0.5937,  0.5937,  0.5937,
  0.5937,  0.5937,  0.5937,  0.5937]

Cell Currents (A):
[1.0075, 1.0075, 1.0075, 1.0075, 1.0075, 1.0075, 1.0075, 1.0075, 1.0075, 1.0075, 1.0075, 1.0075,
 1.0075, 1.0075, 1.0075, 1.0075, 5.2548, 5.2548, 5.2548, 5.2548, 5.2548, 5.2548, 5.2548, 5.2548,
 5.2548, 5.2548, 5.2548, 5.2548, 5.2548, 5.2548, 5.2548, 5.2548, 5.2548, 5.2548, 5.2548, 5.2548,
 5.2548, 5.2548, 5.2548, 5.2548, 5.2548, 5.2548, 5.2548, 5.2548, 5.2548, 5.2548, 5.2548, 5.2548]

Bypass Diode Voltages (V):
[ 0.5774, -9.4988, -9.4988]

Bypass Diode Currents (A):
[ 4.2473e+00, -1.6004e-09, -1.6004e-09]

------------------------------------------------------------

--- Test 42 | Target Voltage: 18.8696 V ---
Total Panel Voltage : 18.8696 V
Total Panel Current : 4.0241 A
Total Power         : 77.6474 W

Cell Voltages (V):
[-0.0358, -0.0358, -0.0357, -0.0357, -0.0357, -0.0357, -0.0356, -0.0356, -0.0356, -0.0355, -0.0354,
 -0.0354, -0.0353, -0.0352, -0.0351, -0.035 ,  0.6074,  0.6074,  0.6074,  0.6074,  0.6074,  0.6074,
  0.6074,  0.6074,  0.6074,  0.6074,  0.6074,  0.6074,  0.6074,  0.6074,  0.6074,  0.6074,  0.6074,
  0.6074,  0.6074,  0.6074,  0.6074,  0.6074,  0.6074,  0.6074,  0.6074,  0.6074,  0.6074,  0.6074,
  0.6074,  0.6074,  0.6074,  0.6074]

Cell Currents (A):
[1.0075, 1.0075, 1.0075, 1.0075, 1.0075, 1.0075, 1.0075, 1.0075, 1.0075, 1.0075, 1.0075, 1.0075,
 1.0075, 1.0075, 1.0075, 1.0075, 4.0241, 4.0241, 4.0241, 4.0241, 4.0241, 4.0241, 4.0241, 4.0241,
 4.0241, 4.0241, 4.0241, 4.0241, 4.0241, 4.0241, 4.0241, 4.0241, 4.0241, 4.0241, 4.0241, 4.0241,
 4.0241, 4.0241, 4.0241, 4.0241, 4.0241, 4.0241, 4.0241, 4.0241, 4.0241, 4.0241, 4.0241, 4.0241]

Bypass Diode Voltages (V):
[ 0.5683, -9.7189, -9.7189]

Bypass Diode Currents (A):
[ 3.0166e+00, -1.6000e-09, -1.6000e-09]

------------------------------------------------------------

--- Test 43 | Target Voltage: 19.3188 V ---
Total Panel Voltage : 19.3188 V
Total Panel Current : 2.6077 A
Total Power         : 51.2610 W

Cell Voltages (V):
[-0.0355, -0.0354, -0.0352, -0.035 , -0.0348, -0.0347, -0.0345, -0.0344, -0.0343, -0.0342, -0.0341,
 -0.034 , -0.0339, -0.0339, -0.0338, -0.0338,  0.6209,  0.6209,  0.6209,  0.6209,  0.6209,  0.6209,
  0.6209,  0.6209,  0.6209,  0.6209,  0.6209,  0.6209,  0.6209,  0.6209,  0.6209,  0.6209,  0.6209,
  0.6209,  0.6209,  0.6209,  0.6209,  0.6209,  0.6209,  0.6209,  0.6209,  0.6209,  0.6209,  0.6209,
  0.6209,  0.6209,  0.6209,  0.6209]

Cell Currents (A):
[1.0075, 1.0075, 1.0075, 1.0075, 1.0075, 1.0075, 1.0075, 1.0075, 1.0075, 1.0075, 1.0075, 1.0075,
 1.0075, 1.0075, 1.0075, 1.0075, 2.6077, 2.6077, 2.6077, 2.6077, 2.6077, 2.6077, 2.6077, 2.6077,
 2.6077, 2.6077, 2.6077, 2.6077, 2.6077, 2.6077, 2.6077, 2.6077, 2.6077, 2.6077, 2.6077, 2.6077,
 2.6077, 2.6077, 2.6077, 2.6077, 2.6077, 2.6077, 2.6077, 2.6077, 2.6077, 2.6077, 2.6077, 2.6077]

Bypass Diode Voltages (V):
[ 0.5514, -9.9351, -9.9351]

Bypass Diode Currents (A):
[ 1.6003e+00, -1.6003e-09, -1.6003e-09]

------------------------------------------------------------

--- Test 44 | Target Voltage: 19.7681 V ---
Total Panel Voltage : 19.7681 V
Total Panel Current : 1.1750 A
Total Power         : 23.3106 W

Cell Voltages (V):
[-0.031 , -0.031 , -0.0309, -0.0309, -0.0308, -0.0308, -0.0307, -0.0307, -0.0306, -0.0306, -0.0306,
 -0.0306, -0.0305, -0.0305, -0.0305, -0.0305,  0.6331,  0.6331,  0.6331,  0.6331,  0.6331,  0.6331,
  0.6331,  0.6331,  0.6331,  0.6331,  0.6331,  0.6331,  0.6331,  0.6331,  0.6331,  0.6331,  0.6331,
  0.6331,  0.6331,  0.6331,  0.6331,  0.6331,  0.6331,  0.6331,  0.6331,  0.6331,  0.6331,  0.6331,
  0.6331,  0.6331,  0.6331,  0.6331]

Cell Currents (A):
[1.0075, 1.0075, 1.0075, 1.0075, 1.0075, 1.0075, 1.0075, 1.0075, 1.0075, 1.0075, 1.0075, 1.0075,
 1.0075, 1.0075, 1.0075, 1.0075, 1.175 , 1.175 , 1.175 , 1.175 , 1.175 , 1.175 , 1.175 , 1.175 ,
 1.175 , 1.175 , 1.175 , 1.175 , 1.175 , 1.175 , 1.175 , 1.175 , 1.175 , 1.175 , 1.175 , 1.175 ,
 1.175 , 1.175 , 1.175 , 1.175 , 1.175 , 1.175 , 1.175 , 1.175 , 1.175 , 1.175 , 1.175 , 1.175 ]

Bypass Diode Voltages (V):
[  0.4914, -10.1297, -10.1297]

Bypass Diode Currents (A):
[ 1.6756e-01, -1.5999e-09, -1.5999e-09]

------------------------------------------------------------

--- Test 45 | Target Voltage: 20.2174 V ---
Total Panel Voltage : 20.2174 V
Total Panel Current : 1.0075 A
Total Power         : 20.3681 W

Cell Voltages (V):
[-0.0053, -0.0053, -0.0053, -0.0053, -0.0053, -0.0053, -0.0053, -0.0053, -0.0053, -0.0053, -0.0053,
 -0.0053, -0.0053, -0.0053, -0.0053, -0.0053,  0.6345,  0.6345,  0.6345,  0.6345,  0.6345,  0.6345,
  0.6345,  0.6345,  0.6345,  0.6345,  0.6345,  0.6345,  0.6345,  0.6345,  0.6345,  0.6345,  0.6345,
  0.6345,  0.6345,  0.6345,  0.6345,  0.6345,  0.6345,  0.6345,  0.6345,  0.6345,  0.6345,  0.6345,
  0.6345,  0.6345,  0.6345,  0.6345]

Cell Currents (A):
[1.0075, 1.0075, 1.0075, 1.0075, 1.0075, 1.0075, 1.0075, 1.0075, 1.0075, 1.0075, 1.0075, 1.0075,
 1.0075, 1.0075, 1.0075, 1.0075, 1.0075, 1.0075, 1.0075, 1.0075, 1.0075, 1.0075, 1.0075, 1.0075,
 1.0075, 1.0075, 1.0075, 1.0075, 1.0075, 1.0075, 1.0075, 1.0075, 1.0075, 1.0075, 1.0075, 1.0075,
 1.0075, 1.0075, 1.0075, 1.0075, 1.0075, 1.0075, 1.0075, 1.0075, 1.0075, 1.0075, 1.0075, 1.0075]

Bypass Diode Voltages (V):
[  0.0853, -10.1514, -10.1514]

Bypass Diode Currents (A):
[ 3.7932e-08, -1.6000e-09, -1.6000e-09]

------------------------------------------------------------

--- Test 46 | Target Voltage: 20.6667 V ---
Total Panel Voltage : 20.6667 V
Total Panel Current : 1.0074 A
Total Power         : 20.8204 W

Cell Voltages (V):
[0.0227, 0.0227, 0.0227, 0.0227, 0.0227, 0.0227, 0.0227, 0.0227, 0.0227, 0.0227, 0.0227, 0.0227,
 0.0227, 0.0227, 0.0227, 0.0227, 0.6345, 0.6345, 0.6345, 0.6345, 0.6345, 0.6345, 0.6345, 0.6345,
 0.6345, 0.6345, 0.6345, 0.6345, 0.6345, 0.6345, 0.6345, 0.6345, 0.6345, 0.6345, 0.6345, 0.6345,
 0.6345, 0.6345, 0.6345, 0.6345, 0.6345, 0.6345, 0.6345, 0.6345, 0.6345, 0.6345, 0.6345, 0.6345]

Cell Currents (A):
[1.0074, 1.0074, 1.0074, 1.0074, 1.0074, 1.0074, 1.0074, 1.0074, 1.0074, 1.0074, 1.0074, 1.0074,
 1.0074, 1.0074, 1.0074, 1.0074, 1.0074, 1.0074, 1.0074, 1.0074, 1.0074, 1.0074, 1.0074, 1.0074,
 1.0074, 1.0074, 1.0074, 1.0074, 1.0074, 1.0074, 1.0074, 1.0074, 1.0074, 1.0074, 1.0074, 1.0074,
 1.0074, 1.0074, 1.0074, 1.0074, 1.0074, 1.0074, 1.0074, 1.0074, 1.0074, 1.0074, 1.0074, 1.0074]

Bypass Diode Voltages (V):
[ -0.3639, -10.1514, -10.1514]

Bypass Diode Currents (A):
[-1.6e-09, -1.6e-09, -1.6e-09]

------------------------------------------------------------

--- Test 47 | Target Voltage: 21.1159 V ---
Total Panel Voltage : 21.1159 V
Total Panel Current : 1.0074 A
Total Power         : 21.2726 W

Cell Voltages (V):
[0.0508, 0.0508, 0.0508, 0.0508, 0.0508, 0.0508, 0.0508, 0.0508, 0.0508, 0.0508, 0.0508, 0.0508,
 0.0508, 0.0508, 0.0508, 0.0508, 0.6345, 0.6345, 0.6345, 0.6345, 0.6345, 0.6345, 0.6345, 0.6345,
 0.6345, 0.6345, 0.6345, 0.6345, 0.6345, 0.6345, 0.6345, 0.6345, 0.6345, 0.6345, 0.6345, 0.6345,
 0.6345, 0.6345, 0.6345, 0.6345, 0.6345, 0.6345, 0.6345, 0.6345, 0.6345, 0.6345, 0.6345, 0.6345]

Cell Currents (A):
[1.0074, 1.0074, 1.0074, 1.0074, 1.0074, 1.0074, 1.0074, 1.0074, 1.0074, 1.0074, 1.0074, 1.0074,
 1.0074, 1.0074, 1.0074, 1.0074, 1.0074, 1.0074, 1.0074, 1.0074, 1.0074, 1.0074, 1.0074, 1.0074,
 1.0074, 1.0074, 1.0074, 1.0074, 1.0074, 1.0074, 1.0074, 1.0074, 1.0074, 1.0074, 1.0074, 1.0074,
 1.0074, 1.0074, 1.0074, 1.0074, 1.0074, 1.0074, 1.0074, 1.0074, 1.0074, 1.0074, 1.0074, 1.0074]

Bypass Diode Voltages (V):
[ -0.8132, -10.1514, -10.1514]

Bypass Diode Currents (A):
[-1.6e-09, -1.6e-09, -1.6e-09]

------------------------------------------------------------

--- Test 48 | Target Voltage: 21.5652 V ---
Total Panel Voltage : 21.5652 V
Total Panel Current : 1.0074 A
Total Power         : 21.7248 W

Cell Voltages (V):
[0.0789, 0.0789, 0.0789, 0.0789, 0.0789, 0.0789, 0.0789, 0.0789, 0.0789, 0.0789, 0.0789, 0.0789,
 0.0789, 0.0789, 0.0789, 0.0789, 0.6345, 0.6345, 0.6345, 0.6345, 0.6345, 0.6345, 0.6345, 0.6345,
 0.6345, 0.6345, 0.6345, 0.6345, 0.6345, 0.6345, 0.6345, 0.6345, 0.6345, 0.6345, 0.6345, 0.6345,
 0.6345, 0.6345, 0.6345, 0.6345, 0.6345, 0.6345, 0.6345, 0.6345, 0.6345, 0.6345, 0.6345, 0.6345]

Cell Currents (A):
[1.0074, 1.0074, 1.0074, 1.0074, 1.0074, 1.0074, 1.0074, 1.0074, 1.0074, 1.0074, 1.0074, 1.0074,
 1.0074, 1.0074, 1.0074, 1.0074, 1.0074, 1.0074, 1.0074, 1.0074, 1.0074, 1.0074, 1.0074, 1.0074,
 1.0074, 1.0074, 1.0074, 1.0074, 1.0074, 1.0074, 1.0074, 1.0074, 1.0074, 1.0074, 1.0074, 1.0074,
 1.0074, 1.0074, 1.0074, 1.0074, 1.0074, 1.0074, 1.0074, 1.0074, 1.0074, 1.0074, 1.0074, 1.0074]

Bypass Diode Voltages (V):
[ -1.2625, -10.1514, -10.1514]

Bypass Diode Currents (A):
[-1.6e-09, -1.6e-09, -1.6e-09]

------------------------------------------------------------

--- Test 49 | Target Voltage: 22.0145 V ---
Total Panel Voltage : 22.0145 V
Total Panel Current : 1.0074 A
Total Power         : 22.1770 W

Cell Voltages (V):
[0.107 , 0.107 , 0.107 , 0.107 , 0.107 , 0.107 , 0.107 , 0.107 , 0.107 , 0.107 , 0.107 , 0.107 ,
 0.107 , 0.107 , 0.107 , 0.107 , 0.6345, 0.6345, 0.6345, 0.6345, 0.6345, 0.6345, 0.6345, 0.6345,
 0.6345, 0.6345, 0.6345, 0.6345, 0.6345, 0.6345, 0.6345, 0.6345, 0.6345, 0.6345, 0.6345, 0.6345,
 0.6345, 0.6345, 0.6345, 0.6345, 0.6345, 0.6345, 0.6345, 0.6345, 0.6345, 0.6345, 0.6345, 0.6345]

Cell Currents (A):
[1.0074, 1.0074, 1.0074, 1.0074, 1.0074, 1.0074, 1.0074, 1.0074, 1.0074, 1.0074, 1.0074, 1.0074,
 1.0074, 1.0074, 1.0074, 1.0074, 1.0074, 1.0074, 1.0074, 1.0074, 1.0074, 1.0074, 1.0074, 1.0074,
 1.0074, 1.0074, 1.0074, 1.0074, 1.0074, 1.0074, 1.0074, 1.0074, 1.0074, 1.0074, 1.0074, 1.0074,
 1.0074, 1.0074, 1.0074, 1.0074, 1.0074, 1.0074, 1.0074, 1.0074, 1.0074, 1.0074, 1.0074, 1.0074]

Bypass Diode Voltages (V):
[ -1.7117, -10.1514, -10.1514]

Bypass Diode Currents (A):
[-1.6e-09, -1.6e-09, -1.6e-09]

------------------------------------------------------------

--- Test 50 | Target Voltage: 22.4638 V ---
Total Panel Voltage : 22.4638 V
Total Panel Current : 1.0074 A
Total Power         : 22.6292 W

Cell Voltages (V):
[0.1351, 0.1351, 0.1351, 0.1351, 0.1351, 0.1351, 0.1351, 0.1351, 0.1351, 0.1351, 0.1351, 0.1351,
 0.1351, 0.1351, 0.1351, 0.1351, 0.6345, 0.6345, 0.6345, 0.6345, 0.6345, 0.6345, 0.6345, 0.6345,
 0.6345, 0.6345, 0.6345, 0.6345, 0.6345, 0.6345, 0.6345, 0.6345, 0.6345, 0.6345, 0.6345, 0.6345,
 0.6345, 0.6345, 0.6345, 0.6345, 0.6345, 0.6345, 0.6345, 0.6345, 0.6345, 0.6345, 0.6345, 0.6345]

Cell Currents (A):
[1.0074, 1.0074, 1.0074, 1.0074, 1.0074, 1.0074, 1.0074, 1.0074, 1.0074, 1.0074, 1.0074, 1.0074,
 1.0074, 1.0074, 1.0074, 1.0074, 1.0074, 1.0074, 1.0074, 1.0074, 1.0074, 1.0074, 1.0074, 1.0074,
 1.0074, 1.0074, 1.0074, 1.0074, 1.0074, 1.0074, 1.0074, 1.0074, 1.0074, 1.0074, 1.0074, 1.0074,
 1.0074, 1.0074, 1.0074, 1.0074, 1.0074, 1.0074, 1.0074, 1.0074, 1.0074, 1.0074, 1.0074, 1.0074]

Bypass Diode Voltages (V):
[ -2.161 , -10.1514, -10.1514]

Bypass Diode Currents (A):
[-1.6e-09, -1.6e-09, -1.6e-09]

------------------------------------------------------------

--- Test 51 | Target Voltage: 22.9130 V ---
Total Panel Voltage : 22.9130 V
Total Panel Current : 1.0073 A
Total Power         : 23.0814 W

Cell Voltages (V):
[0.1631, 0.1631, 0.1631, 0.1631, 0.1631, 0.1631, 0.1631, 0.1631, 0.1631, 0.1631, 0.1631, 0.1631,
 0.1631, 0.1631, 0.1631, 0.1631, 0.6345, 0.6345, 0.6345, 0.6345, 0.6345, 0.6345, 0.6345, 0.6345,
 0.6345, 0.6345, 0.6345, 0.6345, 0.6345, 0.6345, 0.6345, 0.6345, 0.6345, 0.6345, 0.6345, 0.6345,
 0.6345, 0.6345, 0.6345, 0.6345, 0.6345, 0.6345, 0.6345, 0.6345, 0.6345, 0.6345, 0.6345, 0.6345]

Cell Currents (A):
[1.0073, 1.0073, 1.0073, 1.0073, 1.0073, 1.0073, 1.0073, 1.0073, 1.0073, 1.0073, 1.0073, 1.0073,
 1.0073, 1.0073, 1.0073, 1.0073, 1.0073, 1.0073, 1.0073, 1.0073, 1.0073, 1.0073, 1.0073, 1.0073,
 1.0073, 1.0073, 1.0073, 1.0073, 1.0073, 1.0073, 1.0073, 1.0073, 1.0073, 1.0073, 1.0073, 1.0073,
 1.0073, 1.0073, 1.0073, 1.0073, 1.0073, 1.0073, 1.0073, 1.0073, 1.0073, 1.0073, 1.0073, 1.0073]

Bypass Diode Voltages (V):
[ -2.6103, -10.1514, -10.1514]

Bypass Diode Currents (A):
[-1.6e-09, -1.6e-09, -1.6e-09]

------------------------------------------------------------

--- Test 52 | Target Voltage: 23.3623 V ---
Total Panel Voltage : 23.3623 V
Total Panel Current : 1.0073 A
Total Power         : 23.5335 W

Cell Voltages (V):
[0.1912, 0.1912, 0.1912, 0.1912, 0.1912, 0.1912, 0.1912, 0.1912, 0.1912, 0.1912, 0.1912, 0.1912,
 0.1912, 0.1912, 0.1912, 0.1912, 0.6345, 0.6345, 0.6345, 0.6345, 0.6345, 0.6345, 0.6345, 0.6345,
 0.6345, 0.6345, 0.6345, 0.6345, 0.6345, 0.6345, 0.6345, 0.6345, 0.6345, 0.6345, 0.6345, 0.6345,
 0.6345, 0.6345, 0.6345, 0.6345, 0.6345, 0.6345, 0.6345, 0.6345, 0.6345, 0.6345, 0.6345, 0.6345]

Cell Currents (A):
[1.0073, 1.0073, 1.0073, 1.0073, 1.0073, 1.0073, 1.0073, 1.0073, 1.0073, 1.0073, 1.0073, 1.0073,
 1.0073, 1.0073, 1.0073, 1.0073, 1.0073, 1.0073, 1.0073, 1.0073, 1.0073, 1.0073, 1.0073, 1.0073,
 1.0073, 1.0073, 1.0073, 1.0073, 1.0073, 1.0073, 1.0073, 1.0073, 1.0073, 1.0073, 1.0073, 1.0073,
 1.0073, 1.0073, 1.0073, 1.0073, 1.0073, 1.0073, 1.0073, 1.0073, 1.0073, 1.0073, 1.0073, 1.0073]

Bypass Diode Voltages (V):
[ -3.0596, -10.1514, -10.1514]

Bypass Diode Currents (A):
[-1.6e-09, -1.6e-09, -1.6e-09]

------------------------------------------------------------

--- Test 53 | Target Voltage: 23.8116 V ---
Total Panel Voltage : 23.8116 V
Total Panel Current : 1.0073 A
Total Power         : 23.9856 W

Cell Voltages (V):
[0.2193, 0.2193, 0.2193, 0.2193, 0.2193, 0.2193, 0.2193, 0.2193, 0.2193, 0.2193, 0.2193, 0.2193,
 0.2193, 0.2193, 0.2193, 0.2193, 0.6345, 0.6345, 0.6345, 0.6345, 0.6345, 0.6345, 0.6345, 0.6345,
 0.6345, 0.6345, 0.6345, 0.6345, 0.6345, 0.6345, 0.6345, 0.6345, 0.6345, 0.6345, 0.6345, 0.6345,
 0.6345, 0.6345, 0.6345, 0.6345, 0.6345, 0.6345, 0.6345, 0.6345, 0.6345, 0.6345, 0.6345, 0.6345]

Cell Currents (A):
[1.0073, 1.0073, 1.0073, 1.0073, 1.0073, 1.0073, 1.0073, 1.0073, 1.0073, 1.0073, 1.0073, 1.0073,
 1.0073, 1.0073, 1.0073, 1.0073, 1.0073, 1.0073, 1.0073, 1.0073, 1.0073, 1.0073, 1.0073, 1.0073,
 1.0073, 1.0073, 1.0073, 1.0073, 1.0073, 1.0073, 1.0073, 1.0073, 1.0073, 1.0073, 1.0073, 1.0073,
 1.0073, 1.0073, 1.0073, 1.0073, 1.0073, 1.0073, 1.0073, 1.0073, 1.0073, 1.0073, 1.0073, 1.0073]

Bypass Diode Voltages (V):
[ -3.5088, -10.1514, -10.1514]

Bypass Diode Currents (A):
[-1.6e-09, -1.6e-09, -1.6e-09]

------------------------------------------------------------

--- Test 54 | Target Voltage: 24.2609 V ---
Total Panel Voltage : 24.2609 V
Total Panel Current : 1.0073 A
Total Power         : 24.4377 W

Cell Voltages (V):
[0.2474, 0.2474, 0.2474, 0.2474, 0.2474, 0.2474, 0.2474, 0.2474, 0.2474, 0.2474, 0.2474, 0.2474,
 0.2474, 0.2474, 0.2474, 0.2474, 0.6345, 0.6345, 0.6345, 0.6345, 0.6345, 0.6345, 0.6345, 0.6345,
 0.6345, 0.6345, 0.6345, 0.6345, 0.6345, 0.6345, 0.6345, 0.6345, 0.6345, 0.6345, 0.6345, 0.6345,
 0.6345, 0.6345, 0.6345, 0.6345, 0.6345, 0.6345, 0.6345, 0.6345, 0.6345, 0.6345, 0.6345, 0.6345]

Cell Currents (A):
[1.0073, 1.0073, 1.0073, 1.0073, 1.0073, 1.0073, 1.0073, 1.0073, 1.0073, 1.0073, 1.0073, 1.0073,
 1.0073, 1.0073, 1.0073, 1.0073, 1.0073, 1.0073, 1.0073, 1.0073, 1.0073, 1.0073, 1.0073, 1.0073,
 1.0073, 1.0073, 1.0073, 1.0073, 1.0073, 1.0073, 1.0073, 1.0073, 1.0073, 1.0073, 1.0073, 1.0073,
 1.0073, 1.0073, 1.0073, 1.0073, 1.0073, 1.0073, 1.0073, 1.0073, 1.0073, 1.0073, 1.0073, 1.0073]

Bypass Diode Voltages (V):
[ -3.9581, -10.1514, -10.1514]

Bypass Diode Currents (A):
[-1.6e-09, -1.6e-09, -1.6e-09]

------------------------------------------------------------

--- Test 55 | Target Voltage: 24.7101 V ---
Total Panel Voltage : 24.7101 V
Total Panel Current : 1.0073 A
Total Power         : 24.8896 W

Cell Voltages (V):
[0.2755, 0.2755, 0.2755, 0.2755, 0.2755, 0.2755, 0.2755, 0.2755, 0.2755, 0.2755, 0.2755, 0.2755,
 0.2755, 0.2755, 0.2755, 0.2755, 0.6345, 0.6345, 0.6345, 0.6345, 0.6345, 0.6345, 0.6345, 0.6345,
 0.6345, 0.6345, 0.6345, 0.6345, 0.6345, 0.6345, 0.6345, 0.6345, 0.6345, 0.6345, 0.6345, 0.6345,
 0.6345, 0.6345, 0.6345, 0.6345, 0.6345, 0.6345, 0.6345, 0.6345, 0.6345, 0.6345, 0.6345, 0.6345]

Cell Currents (A):
[1.0073, 1.0073, 1.0073, 1.0073, 1.0073, 1.0073, 1.0073, 1.0073, 1.0073, 1.0073, 1.0073, 1.0073,
 1.0073, 1.0073, 1.0073, 1.0073, 1.0073, 1.0073, 1.0073, 1.0073, 1.0073, 1.0073, 1.0073, 1.0073,
 1.0073, 1.0073, 1.0073, 1.0073, 1.0073, 1.0073, 1.0073, 1.0073, 1.0073, 1.0073, 1.0073, 1.0073,
 1.0073, 1.0073, 1.0073, 1.0073, 1.0073, 1.0073, 1.0073, 1.0073, 1.0073, 1.0073, 1.0073, 1.0073]

Bypass Diode Voltages (V):
[ -4.4074, -10.1514, -10.1514]

Bypass Diode Currents (A):
[-1.6e-09, -1.6e-09, -1.6e-09]

------------------------------------------------------------

--- Test 56 | Target Voltage: 25.1594 V ---
Total Panel Voltage : 25.1594 V
Total Panel Current : 1.0072 A
Total Power         : 25.3410 W

Cell Voltages (V):
[0.3035, 0.3035, 0.3035, 0.3035, 0.3035, 0.3035, 0.3035, 0.3035, 0.3035, 0.3035, 0.3035, 0.3035,
 0.3035, 0.3035, 0.3035, 0.3035, 0.6345, 0.6345, 0.6345, 0.6345, 0.6345, 0.6345, 0.6345, 0.6345,
 0.6345, 0.6345, 0.6345, 0.6345, 0.6345, 0.6345, 0.6345, 0.6345, 0.6345, 0.6345, 0.6345, 0.6345,
 0.6345, 0.6345, 0.6345, 0.6345, 0.6345, 0.6345, 0.6345, 0.6345, 0.6345, 0.6345, 0.6345, 0.6345]

Cell Currents (A):
[1.0072, 1.0072, 1.0072, 1.0072, 1.0072, 1.0072, 1.0072, 1.0072, 1.0072, 1.0072, 1.0072, 1.0072,
 1.0072, 1.0072, 1.0072, 1.0072, 1.0072, 1.0072, 1.0072, 1.0072, 1.0072, 1.0072, 1.0072, 1.0072,
 1.0072, 1.0072, 1.0072, 1.0072, 1.0072, 1.0072, 1.0072, 1.0072, 1.0072, 1.0072, 1.0072, 1.0072,
 1.0072, 1.0072, 1.0072, 1.0072, 1.0072, 1.0072, 1.0072, 1.0072, 1.0072, 1.0072, 1.0072, 1.0072]

Bypass Diode Voltages (V):
[ -4.8566, -10.1514, -10.1514]

Bypass Diode Currents (A):
[-1.6e-09, -1.6e-09, -1.6e-09]

------------------------------------------------------------

--- Test 57 | Target Voltage: 25.6087 V ---
Total Panel Voltage : 25.6087 V
Total Panel Current : 1.0071 A
Total Power         : 25.7912 W

Cell Voltages (V):
[0.3316, 0.3316, 0.3316, 0.3316, 0.3316, 0.3316, 0.3316, 0.3316, 0.3316, 0.3316, 0.3316, 0.3316,
 0.3316, 0.3316, 0.3316, 0.3316, 0.6345, 0.6345, 0.6345, 0.6345, 0.6345, 0.6345, 0.6345, 0.6345,
 0.6345, 0.6345, 0.6345, 0.6345, 0.6345, 0.6345, 0.6345, 0.6345, 0.6345, 0.6345, 0.6345, 0.6345,
 0.6345, 0.6345, 0.6345, 0.6345, 0.6345, 0.6345, 0.6345, 0.6345, 0.6345, 0.6345, 0.6345, 0.6345]

Cell Currents (A):
[1.0071, 1.0071, 1.0071, 1.0071, 1.0071, 1.0071, 1.0071, 1.0071, 1.0071, 1.0071, 1.0071, 1.0071,
 1.0071, 1.0071, 1.0071, 1.0071, 1.0071, 1.0071, 1.0071, 1.0071, 1.0071, 1.0071, 1.0071, 1.0071,
 1.0071, 1.0071, 1.0071, 1.0071, 1.0071, 1.0071, 1.0071, 1.0071, 1.0071, 1.0071, 1.0071, 1.0071,
 1.0071, 1.0071, 1.0071, 1.0071, 1.0071, 1.0071, 1.0071, 1.0071, 1.0071, 1.0071, 1.0071, 1.0071]

Bypass Diode Voltages (V):
[ -5.3059, -10.1514, -10.1514]

Bypass Diode Currents (A):
[-1.6e-09, -1.6e-09, -1.6e-09]

------------------------------------------------------------

--- Test 58 | Target Voltage: 26.0580 V ---
Total Panel Voltage : 26.0580 V
Total Panel Current : 1.0069 A
Total Power         : 26.2378 W

Cell Voltages (V):
[0.3597, 0.3597, 0.3597, 0.3597, 0.3597, 0.3597, 0.3597, 0.3597, 0.3597, 0.3597, 0.3597, 0.3597,
 0.3597, 0.3597, 0.3597, 0.3597, 0.6345, 0.6345, 0.6345, 0.6345, 0.6345, 0.6345, 0.6345, 0.6345,
 0.6345, 0.6345, 0.6345, 0.6345, 0.6345, 0.6345, 0.6345, 0.6345, 0.6345, 0.6345, 0.6345, 0.6345,
 0.6345, 0.6345, 0.6345, 0.6345, 0.6345, 0.6345, 0.6345, 0.6345, 0.6345, 0.6345, 0.6345, 0.6345]

Cell Currents (A):
[1.0069, 1.0069, 1.0069, 1.0069, 1.0069, 1.0069, 1.0069, 1.0069, 1.0069, 1.0069, 1.0069, 1.0069,
 1.0069, 1.0069, 1.0069, 1.0069, 1.0069, 1.0069, 1.0069, 1.0069, 1.0069, 1.0069, 1.0069, 1.0069,
 1.0069, 1.0069, 1.0069, 1.0069, 1.0069, 1.0069, 1.0069, 1.0069, 1.0069, 1.0069, 1.0069, 1.0069,
 1.0069, 1.0069, 1.0069, 1.0069, 1.0069, 1.0069, 1.0069, 1.0069, 1.0069, 1.0069, 1.0069, 1.0069]

Bypass Diode Voltages (V):
[ -5.7551, -10.1514, -10.1514]

Bypass Diode Currents (A):
[-1.6e-09, -1.6e-09, -1.6e-09]

------------------------------------------------------------

--- Test 59 | Target Voltage: 26.5072 V ---
Total Panel Voltage : 26.5072 V
Total Panel Current : 1.0063 A
Total Power         : 26.6740 W

Cell Voltages (V):
[0.3878, 0.3878, 0.3878, 0.3878, 0.3878, 0.3878, 0.3878, 0.3878, 0.3878, 0.3878, 0.3878, 0.3878,
 0.3878, 0.3878, 0.3878, 0.3878, 0.6345, 0.6345, 0.6345, 0.6345, 0.6345, 0.6345, 0.6345, 0.6345,
 0.6345, 0.6345, 0.6345, 0.6345, 0.6345, 0.6345, 0.6345, 0.6345, 0.6345, 0.6345, 0.6345, 0.6345,
 0.6345, 0.6345, 0.6345, 0.6345, 0.6345, 0.6345, 0.6345, 0.6345, 0.6345, 0.6345, 0.6345, 0.6345]

Cell Currents (A):
[1.0063, 1.0063, 1.0063, 1.0063, 1.0063, 1.0063, 1.0063, 1.0063, 1.0063, 1.0063, 1.0063, 1.0063,
 1.0063, 1.0063, 1.0063, 1.0063, 1.0063, 1.0063, 1.0063, 1.0063, 1.0063, 1.0063, 1.0063, 1.0063,
 1.0063, 1.0063, 1.0063, 1.0063, 1.0063, 1.0063, 1.0063, 1.0063, 1.0063, 1.0063, 1.0063, 1.0063,
 1.0063, 1.0063, 1.0063, 1.0063, 1.0063, 1.0063, 1.0063, 1.0063, 1.0063, 1.0063, 1.0063, 1.0063]

Bypass Diode Voltages (V):
[ -6.2042, -10.1515, -10.1515]

Bypass Diode Currents (A):
[-1.6e-09, -1.6e-09, -1.6e-09]

------------------------------------------------------------

--- Test 60 | Target Voltage: 26.9565 V ---
Total Panel Voltage : 26.9565 V
Total Panel Current : 1.0046 A
Total Power         : 27.0803 W

Cell Voltages (V):
[0.4158, 0.4158, 0.4158, 0.4158, 0.4158, 0.4158, 0.4158, 0.4158, 0.4158, 0.4158, 0.4158, 0.4158,
 0.4158, 0.4158, 0.4158, 0.4158, 0.6345, 0.6345, 0.6345, 0.6345, 0.6345, 0.6345, 0.6345, 0.6345,
 0.6345, 0.6345, 0.6345, 0.6345, 0.6345, 0.6345, 0.6345, 0.6345, 0.6345, 0.6345, 0.6345, 0.6345,
 0.6345, 0.6345, 0.6345, 0.6345, 0.6345, 0.6345, 0.6345, 0.6345, 0.6345, 0.6345, 0.6345, 0.6345]

Cell Currents (A):
[1.0046, 1.0046, 1.0046, 1.0046, 1.0046, 1.0046, 1.0046, 1.0046, 1.0046, 1.0046, 1.0046, 1.0046,
 1.0046, 1.0046, 1.0046, 1.0046, 1.0046, 1.0046, 1.0046, 1.0046, 1.0046, 1.0046, 1.0046, 1.0046,
 1.0046, 1.0046, 1.0046, 1.0046, 1.0046, 1.0046, 1.0046, 1.0046, 1.0046, 1.0046, 1.0046, 1.0046,
 1.0046, 1.0046, 1.0046, 1.0046, 1.0046, 1.0046, 1.0046, 1.0046, 1.0046, 1.0046, 1.0046, 1.0046]

Bypass Diode Voltages (V):
[ -6.6531, -10.1517, -10.1517]

Bypass Diode Currents (A):
[-1.6e-09, -1.6e-09, -1.6e-09]

------------------------------------------------------------

--- Test 61 | Target Voltage: 27.4058 V ---
Total Panel Voltage : 27.4058 V
Total Panel Current : 0.9998 A
Total Power         : 27.4004 W

Cell Voltages (V):
[0.4438, 0.4438, 0.4438, 0.4438, 0.4438, 0.4438, 0.4438, 0.4438, 0.4438, 0.4438, 0.4438, 0.4438,
 0.4438, 0.4438, 0.4438, 0.4438, 0.6345, 0.6345, 0.6345, 0.6345, 0.6345, 0.6345, 0.6345, 0.6345,
 0.6345, 0.6345, 0.6345, 0.6345, 0.6345, 0.6345, 0.6345, 0.6345, 0.6345, 0.6345, 0.6345, 0.6345,
 0.6345, 0.6345, 0.6345, 0.6345, 0.6345, 0.6345, 0.6345, 0.6345, 0.6345, 0.6345, 0.6345, 0.6345]

Cell Currents (A):
[0.9998, 0.9998, 0.9998, 0.9998, 0.9998, 0.9998, 0.9998, 0.9998, 0.9998, 0.9998, 0.9998, 0.9998,
 0.9998, 0.9998, 0.9998, 0.9998, 0.9998, 0.9998, 0.9998, 0.9998, 0.9998, 0.9998, 0.9998, 0.9998,
 0.9998, 0.9998, 0.9998, 0.9998, 0.9998, 0.9998, 0.9998, 0.9998, 0.9998, 0.9998, 0.9998, 0.9998,
 0.9998, 0.9998, 0.9998, 0.9998, 0.9998, 0.9998, 0.9998, 0.9998, 0.9998, 0.9998, 0.9998, 0.9998]

Bypass Diode Voltages (V):
[ -7.1011, -10.1523, -10.1523]

Bypass Diode Currents (A):
[-1.6001e-09, -1.5999e-09, -1.5999e-09]

------------------------------------------------------------

--- Test 62 | Target Voltage: 27.8551 V ---
Total Panel Voltage : 27.8551 V
Total Panel Current : 0.9864 A
Total Power         : 27.4760 W

Cell Voltages (V):
[0.4717, 0.4717, 0.4717, 0.4717, 0.4717, 0.4717, 0.4717, 0.4717, 0.4717, 0.4717, 0.4717, 0.4717,
 0.4717, 0.4717, 0.4717, 0.4717, 0.6346, 0.6346, 0.6346, 0.6346, 0.6346, 0.6346, 0.6346, 0.6346,
 0.6346, 0.6346, 0.6346, 0.6346, 0.6346, 0.6346, 0.6346, 0.6346, 0.6346, 0.6346, 0.6346, 0.6346,
 0.6346, 0.6346, 0.6346, 0.6346, 0.6346, 0.6346, 0.6346, 0.6346, 0.6346, 0.6346, 0.6346, 0.6346]

Cell Currents (A):
[0.9864, 0.9864, 0.9864, 0.9864, 0.9864, 0.9864, 0.9864, 0.9864, 0.9864, 0.9864, 0.9864, 0.9864,
 0.9864, 0.9864, 0.9864, 0.9864, 0.9864, 0.9864, 0.9864, 0.9864, 0.9864, 0.9864, 0.9864, 0.9864,
 0.9864, 0.9864, 0.9864, 0.9864, 0.9864, 0.9864, 0.9864, 0.9864, 0.9864, 0.9864, 0.9864, 0.9864,
 0.9864, 0.9864, 0.9864, 0.9864, 0.9864, 0.9864, 0.9864, 0.9864, 0.9864, 0.9864, 0.9864, 0.9864]

Bypass Diode Voltages (V):
[ -7.5469, -10.1541, -10.1541]

Bypass Diode Currents (A):
[-1.6010e-09, -1.5995e-09, -1.5995e-09]

------------------------------------------------------------

--- Test 63 | Target Voltage: 28.3043 V ---
Total Panel Voltage : 28.3043 V
Total Panel Current : 0.9497 A
Total Power         : 26.8792 W

Cell Voltages (V):
[0.4992, 0.4992, 0.4992, 0.4992, 0.4992, 0.4992, 0.4992, 0.4992, 0.4992, 0.4992, 0.4992, 0.4992,
 0.4992, 0.4992, 0.4992, 0.4992, 0.6349, 0.6349, 0.6349, 0.6349, 0.6349, 0.6349, 0.6349, 0.6349,
 0.6349, 0.6349, 0.6349, 0.6349, 0.6349, 0.6349, 0.6349, 0.6349, 0.6349, 0.6349, 0.6349, 0.6349,
 0.6349, 0.6349, 0.6349, 0.6349, 0.6349, 0.6349, 0.6349, 0.6349, 0.6349, 0.6349, 0.6349, 0.6349]

Cell Currents (A):
[0.9497, 0.9497, 0.9497, 0.9497, 0.9497, 0.9497, 0.9497, 0.9497, 0.9497, 0.9497, 0.9497, 0.9497,
 0.9497, 0.9497, 0.9497, 0.9497, 0.9497, 0.9497, 0.9497, 0.9497, 0.9497, 0.9497, 0.9497, 0.9497,
 0.9497, 0.9497, 0.9497, 0.9497, 0.9497, 0.9497, 0.9497, 0.9497, 0.9497, 0.9497, 0.9497, 0.9497,
 0.9497, 0.9497, 0.9497, 0.9497, 0.9497, 0.9497, 0.9497, 0.9497, 0.9497, 0.9497, 0.9497, 0.9497]

Bypass Diode Voltages (V):
[ -7.9868, -10.1588, -10.1588]

Bypass Diode Currents (A):
[-1.6e-09, -1.6e-09, -1.6e-09]

------------------------------------------------------------

--- Test 64 | Target Voltage: 28.7536 V ---
Total Panel Voltage : 28.7536 V
Total Panel Current : 0.8548 A
Total Power         : 24.5796 W

Cell Voltages (V):
[0.5257, 0.5257, 0.5257, 0.5257, 0.5257, 0.5257, 0.5257, 0.5257, 0.5257, 0.5257, 0.5257, 0.5257,
 0.5257, 0.5257, 0.5257, 0.5257, 0.6357, 0.6357, 0.6357, 0.6357, 0.6357, 0.6357, 0.6357, 0.6357,
 0.6357, 0.6357, 0.6357, 0.6357, 0.6357, 0.6357, 0.6357, 0.6357, 0.6357, 0.6357, 0.6357, 0.6357,
 0.6357, 0.6357, 0.6357, 0.6357, 0.6357, 0.6357, 0.6357, 0.6357, 0.6357, 0.6357, 0.6357, 0.6357]

Cell Currents (A):
[0.8548, 0.8548, 0.8548, 0.8548, 0.8548, 0.8548, 0.8548, 0.8548, 0.8548, 0.8548, 0.8548, 0.8548,
 0.8548, 0.8548, 0.8548, 0.8548, 0.8548, 0.8548, 0.8548, 0.8548, 0.8548, 0.8548, 0.8548, 0.8548,
 0.8548, 0.8548, 0.8548, 0.8548, 0.8548, 0.8548, 0.8548, 0.8548, 0.8548, 0.8548, 0.8548, 0.8548,
 0.8548, 0.8548, 0.8548, 0.8548, 0.8548, 0.8548, 0.8548, 0.8548, 0.8548, 0.8548, 0.8548, 0.8548]

Bypass Diode Voltages (V):
[ -8.4119, -10.1709, -10.1709]

Bypass Diode Currents (A):
[-1.6e-09, -1.6e-09, -1.6e-09]

------------------------------------------------------------

--- Test 65 | Target Voltage: 29.2029 V ---
Total Panel Voltage : 29.2029 V
Total Panel Current : 0.6390 A
Total Power         : 18.6594 W

Cell Voltages (V):
[0.5504, 0.5504, 0.5504, 0.5504, 0.5504, 0.5504, 0.5504, 0.5504, 0.5504, 0.5504, 0.5504, 0.5504,
 0.5504, 0.5504, 0.5504, 0.5504, 0.6374, 0.6374, 0.6374, 0.6374, 0.6374, 0.6374, 0.6374, 0.6374,
 0.6374, 0.6374, 0.6374, 0.6374, 0.6374, 0.6374, 0.6374, 0.6374, 0.6374, 0.6374, 0.6374, 0.6374,
 0.6374, 0.6374, 0.6374, 0.6374, 0.6374, 0.6374, 0.6374, 0.6374, 0.6374, 0.6374, 0.6374, 0.6374]

Cell Currents (A):
[0.639, 0.639, 0.639, 0.639, 0.639, 0.639, 0.639, 0.639, 0.639, 0.639, 0.639, 0.639, 0.639, 0.639,
 0.639, 0.639, 0.639, 0.639, 0.639, 0.639, 0.639, 0.639, 0.639, 0.639, 0.639, 0.639, 0.639, 0.639,
 0.639, 0.639, 0.639, 0.639, 0.639, 0.639, 0.639, 0.639, 0.639, 0.639, 0.639, 0.639, 0.639, 0.639,
 0.639, 0.639, 0.639, 0.639, 0.639, 0.639]

Bypass Diode Voltages (V):
[ -8.8065, -10.1982, -10.1982]

Bypass Diode Currents (A):
[-1.6003e-09, -1.5998e-09, -1.5998e-09]

------------------------------------------------------------

--- Test 66 | Target Voltage: 29.6522 V ---
Total Panel Voltage : 29.6522 V
Total Panel Current : 0.2335 A
Total Power         : 6.9250 W

Cell Voltages (V):
[0.5722, 0.5722, 0.5722, 0.5722, 0.5722, 0.5722, 0.5722, 0.5722, 0.5722, 0.5722, 0.5722, 0.5722,
 0.5722, 0.5722, 0.5722, 0.5722, 0.6405, 0.6405, 0.6405, 0.6405, 0.6405, 0.6405, 0.6405, 0.6405,
 0.6405, 0.6405, 0.6405, 0.6405, 0.6405, 0.6405, 0.6405, 0.6405, 0.6405, 0.6405, 0.6405, 0.6405,
 0.6405, 0.6405, 0.6405, 0.6405, 0.6405, 0.6405, 0.6405, 0.6405, 0.6405, 0.6405, 0.6405, 0.6405]

Cell Currents (A):
[0.2335, 0.2335, 0.2335, 0.2335, 0.2335, 0.2335, 0.2335, 0.2335, 0.2335, 0.2335, 0.2335, 0.2335,
 0.2335, 0.2335, 0.2335, 0.2335, 0.2335, 0.2335, 0.2335, 0.2335, 0.2335, 0.2335, 0.2335, 0.2335,
 0.2335, 0.2335, 0.2335, 0.2335, 0.2335, 0.2335, 0.2335, 0.2335, 0.2335, 0.2335, 0.2335, 0.2335,
 0.2335, 0.2335, 0.2335, 0.2335, 0.2335, 0.2335, 0.2335, 0.2335, 0.2335, 0.2335, 0.2335, 0.2335]

Bypass Diode Voltages (V):
[ -9.1547, -10.2487, -10.2487]

Bypass Diode Currents (A):
[-1.6e-09, -1.6e-09, -1.6e-09]

------------------------------------------------------------

--- Test 67 | Target Voltage: 30.1014 V ---
Total Panel Voltage : 29.8427 V
Total Panel Current : 0.0000 A
Total Power         : 0.0000 W

Cell Voltages (V):
[0.5805, 0.5805, 0.5805, 0.5805, 0.5805, 0.5805, 0.5805, 0.5805, 0.5805, 0.5805, 0.5805, 0.5805,
 0.5805, 0.5805, 0.5805, 0.5805, 0.6423, 0.6423, 0.6423, 0.6423, 0.6423, 0.6423, 0.6423, 0.6423,
 0.6423, 0.6423, 0.6423, 0.6423, 0.6423, 0.6423, 0.6423, 0.6423, 0.6423, 0.6423, 0.6423, 0.6423,
 0.6423, 0.6423, 0.6423, 0.6423, 0.6423, 0.6423, 0.6423, 0.6423, 0.6423, 0.6423, 0.6423, 0.6423]

Cell Currents (A):
[8.6774e-18, 3.8185e-20, 4.7949e-20, 3.3093e-20, 2.0444e-20, 1.2489e-20, 8.1860e-21, 5.8358e-21,
 4.2584e-21, 3.0939e-21, 2.1370e-21, 1.4242e-21, 8.9130e-22, 5.4787e-22, 3.5010e-22, 2.5979e-22,
 3.8033e-22, 3.8785e-19, 4.6678e-19, 4.5092e-19, 4.5856e-19, 4.5952e-19, 4.3637e-19, 4.3511e-19,
 4.0993e-19, 3.9167e-19, 3.7669e-19, 3.6736e-19, 3.4384e-19, 3.4314e-19, 3.3235e-19, 3.1733e-19,
 3.7945e-22, 3.9808e-19, 4.3579e-19, 4.7452e-19, 4.4714e-19, 4.6747e-19, 4.3982e-19, 4.1782e-19,
 4.1237e-19, 4.1418e-19, 3.6376e-19, 3.6358e-19, 3.5502e-19, 3.2058e-19, 3.3398e-19, 3.2200e-19]

Bypass Diode Voltages (V):
[ -9.2879, -10.2774, -10.2774]

Bypass Diode Currents (A):
[-3.2143e-10, -3.2143e-10, -3.2143e-10]

------------------------------------------------------------

--- Test 68 | Target Voltage: 30.5507 V ---
Total Panel Voltage : 29.8477 V
Total Panel Current : 0.0000 A
Total Power         : 0.0000 W

Cell Voltages (V):
[0.5808, 0.5808, 0.5808, 0.5808, 0.5808, 0.5808, 0.5808, 0.5808, 0.5808, 0.5808, 0.5808, 0.5808,
 0.5808, 0.5808, 0.5808, 0.5808, 0.6423, 0.6423, 0.6423, 0.6423, 0.6423, 0.6423, 0.6423, 0.6423,
 0.6423, 0.6423, 0.6423, 0.6423, 0.6423, 0.6423, 0.6423, 0.6423, 0.6423, 0.6423, 0.6423, 0.6423,
 0.6423, 0.6423, 0.6423, 0.6423, 0.6423, 0.6423, 0.6423, 0.6423, 0.6423, 0.6423, 0.6423, 0.6423]

Cell Currents (A):
[1.5201e-22, 1.5202e-22, 1.5202e-22, 1.5202e-22, 1.5175e-22, 1.5200e-22, 1.5202e-22, 1.5202e-22,
 1.5202e-22, 1.5202e-22, 1.5201e-22, 1.5203e-22, 1.5201e-22, 1.5203e-22, 1.5202e-22, 1.5202e-22,
 1.6483e-25, 1.6492e-25, 1.6502e-25, 1.6493e-25, 1.6273e-25, 1.6276e-25, 1.6274e-25, 1.6276e-25,
 1.6277e-25, 1.6265e-25, 1.6266e-25, 1.6267e-25, 1.6225e-25, 1.6209e-25, 1.6209e-25, 1.6195e-25,
 1.6212e-25, 1.6211e-25, 1.6211e-25, 1.6220e-25, 1.6270e-25, 1.6261e-25, 1.6274e-25, 1.6273e-25,
 1.6277e-25, 1.6274e-25, 1.6278e-25, 1.6276e-25, 1.6198e-25, 1.6213e-25, 1.6229e-25, 1.6223e-25]

Bypass Diode Voltages (V):
[ -9.2928, -10.2775, -10.2775]

Bypass Diode Currents (A):
[-7.9998e-10, -7.9998e-10, -7.9998e-10]

------------------------------------------------------------

--- Test 69 | Target Voltage: 31.0000 V ---
Total Panel Voltage : 29.8525 V
Total Panel Current : 0.0000 A
Total Power         : 0.0000 W

Cell Voltages (V):
[0.5811, 0.5811, 0.5811, 0.5811, 0.5811, 0.5811, 0.5811, 0.5811, 0.5811, 0.5811, 0.5811, 0.5811,
 0.5811, 0.5811, 0.5811, 0.5811, 0.6423, 0.6423, 0.6423, 0.6423, 0.6423, 0.6423, 0.6423, 0.6423,
 0.6423, 0.6423, 0.6423, 0.6423, 0.6423, 0.6423, 0.6423, 0.6423, 0.6423, 0.6423, 0.6423, 0.6423,
 0.6423, 0.6423, 0.6423, 0.6423, 0.6423, 0.6423, 0.6423, 0.6423, 0.6423, 0.6423, 0.6423, 0.6423]

Cell Currents (A):
[5.6602e-20, 5.6603e-20, 5.6602e-20, 5.6603e-20, 5.6606e-20, 5.6603e-20, 5.6603e-20, 5.6603e-20,
 5.6602e-20, 5.6602e-20, 5.6603e-20, 5.6602e-20, 5.6603e-20, 5.6603e-20, 5.6603e-20, 5.6602e-20,
 2.2866e-21, 2.2867e-21, 2.2867e-21, 2.2867e-21, 2.2867e-21, 2.2867e-21, 2.2867e-21, 2.2867e-21,
 2.2867e-21, 2.2867e-21, 2.2867e-21, 2.2867e-21, 2.2867e-21, 2.2867e-21, 2.2867e-21, 2.2867e-21,
 2.2866e-21, 2.2867e-21, 2.2867e-21, 2.2867e-21, 2.2867e-21, 2.2867e-21, 2.2867e-21, 2.2867e-21,
 2.2867e-21, 2.2867e-21, 2.2867e-21, 2.2867e-21, 2.2867e-21, 2.2867e-21, 2.2867e-21, 2.2867e-21]

Bypass Diode Voltages (V):
[ -9.2975, -10.2775, -10.2775]

Bypass Diode Currents (A):
[-8.e-10, -8.e-10, -8.e-10]

------------------------------------------------------------

