Detailed IV Simulation Results for: 6-12,43-48Cell_250W
============================================================

--- Test 0 | Target Voltage: 0.0000 V ---
Total Panel Voltage : 0.0000 V
Total Panel Current : 8.7323 A
Total Power         : 7.6291 W

Cell Voltages (V):
[ 0.6254,  0.6254,  0.6254,  0.6254,  0.6254, -0.8882, -0.8882, -0.8882, -0.8882, -0.8882, -0.8882,
 -0.8882,  0.6254,  0.6254,  0.6254,  0.6254,  0.0736,  0.0736,  0.0736,  0.0736,  0.0736,  0.0736,
  0.0736,  0.0736,  0.0736,  0.0736,  0.0736,  0.0736,  0.0736,  0.0736,  0.0736,  0.0736,  0.6254,
  0.6254,  0.6254,  0.6254,  0.6254,  0.6254,  0.6254,  0.6254,  0.6254,  0.6254, -1.1404, -1.1404,
 -1.1404, -1.1404, -1.1404, -1.1404]

Cell Currents (A):
[2.2517, 2.2517, 2.2517, 2.2517, 2.2517, 2.2517, 2.2517, 2.2517, 2.2517, 2.2517, 2.2517, 2.2517,
 2.2517, 2.2517, 2.2517, 2.2517, 8.7323, 8.7323, 8.7323, 8.7323, 8.7323, 8.7323, 8.7323, 8.7323,
 8.7323, 8.7323, 8.7323, 8.7323, 8.7323, 8.7323, 8.7323, 8.7323, 2.252 , 2.252 , 2.252 , 2.252 ,
 2.252 , 2.252 , 2.252 , 2.252 , 2.252 , 2.252 , 2.252 , 2.252 , 2.252 , 2.252 , 2.252 , 2.252 ]

Bypass Diode Voltages (V):
[ 0.5886, -1.1773,  0.5886]

Bypass Diode Currents (A):
[ 6.4806e+00, -1.6000e-09,  6.4803e+00]

------------------------------------------------------------

--- Test 1 | Target Voltage: 0.4493 V ---
Total Panel Voltage : 0.4493 V
Total Panel Current : 8.7322 A
Total Power         : 11.5521 W

Cell Voltages (V):
[ 0.6254,  0.6254,  0.6254,  0.6254,  0.6254, -0.8882, -0.8882, -0.8882, -0.8882, -0.8882, -0.8882,
 -0.8882,  0.6254,  0.6254,  0.6254,  0.6254,  0.1017,  0.1017,  0.1017,  0.1017,  0.1017,  0.1017,
  0.1017,  0.1017,  0.1017,  0.1017,  0.1017,  0.1017,  0.1017,  0.1017,  0.1017,  0.1017,  0.6254,
  0.6254,  0.6254,  0.6254,  0.6254,  0.6254,  0.6254,  0.6254,  0.6254,  0.6254, -1.1404, -1.1404,
 -1.1404, -1.1404, -1.1404, -1.1404]

Cell Currents (A):
[2.2517, 2.2517, 2.2517, 2.2517, 2.2517, 2.2517, 2.2517, 2.2517, 2.2517, 2.2517, 2.2517, 2.2517,
 2.2517, 2.2517, 2.2517, 2.2517, 8.7322, 8.7322, 8.7322, 8.7322, 8.7322, 8.7322, 8.7322, 8.7322,
 8.7322, 8.7322, 8.7322, 8.7322, 8.7322, 8.7322, 8.7322, 8.7322, 2.252 , 2.252 , 2.252 , 2.252 ,
 2.252 , 2.252 , 2.252 , 2.252 , 2.252 , 2.252 , 2.252 , 2.252 , 2.252 , 2.252 , 2.252 , 2.252 ]

Bypass Diode Voltages (V):
[ 0.5886, -1.6265,  0.5886]

Bypass Diode Currents (A):
[ 6.4804e+00, -1.6025e-09,  6.4802e+00]

------------------------------------------------------------

--- Test 2 | Target Voltage: 0.8986 V ---
Total Panel Voltage : 0.8986 V
Total Panel Current : 8.7320 A
Total Power         : 15.4749 W

Cell Voltages (V):
[ 0.6254,  0.6254,  0.6254,  0.6254,  0.6254, -0.8882, -0.8882, -0.8882, -0.8882, -0.8882, -0.8882,
 -0.8882,  0.6254,  0.6254,  0.6254,  0.6254,  0.1297,  0.1297,  0.1297,  0.1297,  0.1297,  0.1297,
  0.1297,  0.1297,  0.1297,  0.1297,  0.1297,  0.1297,  0.1297,  0.1297,  0.1297,  0.1297,  0.6254,
  0.6254,  0.6254,  0.6254,  0.6254,  0.6254,  0.6254,  0.6254,  0.6254,  0.6254, -1.1404, -1.1404,
 -1.1404, -1.1404, -1.1404, -1.1404]

Cell Currents (A):
[2.2517, 2.2517, 2.2517, 2.2517, 2.2517, 2.2517, 2.2517, 2.2517, 2.2517, 2.2517, 2.2517, 2.2517,
 2.2517, 2.2517, 2.2517, 2.2517, 8.732 , 8.732 , 8.732 , 8.732 , 8.732 , 8.732 , 8.732 , 8.732 ,
 8.732 , 8.732 , 8.732 , 8.732 , 8.732 , 8.732 , 8.732 , 8.732 , 2.252 , 2.252 , 2.252 , 2.252 ,
 2.252 , 2.252 , 2.252 , 2.252 , 2.252 , 2.252 , 2.252 , 2.252 , 2.252 , 2.252 , 2.252 , 2.252 ]

Bypass Diode Voltages (V):
[ 0.5886, -2.0758,  0.5886]

Bypass Diode Currents (A):
[ 6.4803e+00, -1.6036e-09,  6.4800e+00]

------------------------------------------------------------

--- Test 3 | Target Voltage: 1.3478 V ---
Total Panel Voltage : 1.3478 V
Total Panel Current : 8.7319 A
Total Power         : 19.3976 W

Cell Voltages (V):
[ 0.6254,  0.6254,  0.6254,  0.6254,  0.6254, -0.8882, -0.8882, -0.8882, -0.8882, -0.8882, -0.8882,
 -0.8882,  0.6254,  0.6254,  0.6254,  0.6254,  0.1578,  0.1578,  0.1578,  0.1578,  0.1578,  0.1578,
  0.1578,  0.1578,  0.1578,  0.1578,  0.1578,  0.1578,  0.1578,  0.1578,  0.1578,  0.1578,  0.6254,
  0.6254,  0.6254,  0.6254,  0.6254,  0.6254,  0.6254,  0.6254,  0.6254,  0.6254, -1.1404, -1.1404,
 -1.1404, -1.1404, -1.1404, -1.1404]

Cell Currents (A):
[2.2517, 2.2517, 2.2517, 2.2517, 2.2517, 2.2517, 2.2517, 2.2517, 2.2517, 2.2517, 2.2517, 2.2517,
 2.2517, 2.2517, 2.2517, 2.2517, 8.7319, 8.7319, 8.7319, 8.7319, 8.7319, 8.7319, 8.7319, 8.7319,
 8.7319, 8.7319, 8.7319, 8.7319, 8.7319, 8.7319, 8.7319, 8.7319, 2.252 , 2.252 , 2.252 , 2.252 ,
 2.252 , 2.252 , 2.252 , 2.252 , 2.252 , 2.252 , 2.252 , 2.252 , 2.252 , 2.252 , 2.252 , 2.252 ]

Bypass Diode Voltages (V):
[ 0.5886, -2.5251,  0.5886]

Bypass Diode Currents (A):
[ 6.4801e+00, -1.6052e-09,  6.4799e+00]

------------------------------------------------------------

--- Test 4 | Target Voltage: 1.7971 V ---
Total Panel Voltage : 1.7971 V
Total Panel Current : 8.7317 A
Total Power         : 23.3202 W

Cell Voltages (V):
[ 0.6254,  0.6254,  0.6254,  0.6254,  0.6254, -0.8882, -0.8882, -0.8882, -0.8882, -0.8882, -0.8882,
 -0.8882,  0.6254,  0.6254,  0.6254,  0.6254,  0.1859,  0.1859,  0.1859,  0.1859,  0.1859,  0.1859,
  0.1859,  0.1859,  0.1859,  0.1859,  0.1859,  0.1859,  0.1859,  0.1859,  0.1859,  0.1859,  0.6254,
  0.6254,  0.6254,  0.6254,  0.6254,  0.6254,  0.6254,  0.6254,  0.6254,  0.6254, -1.1404, -1.1404,
 -1.1404, -1.1404, -1.1404, -1.1404]

Cell Currents (A):
[2.2517, 2.2517, 2.2517, 2.2517, 2.2517, 2.2517, 2.2517, 2.2517, 2.2517, 2.2517, 2.2517, 2.2517,
 2.2517, 2.2517, 2.2517, 2.2517, 8.7317, 8.7317, 8.7317, 8.7317, 8.7317, 8.7317, 8.7317, 8.7317,
 8.7317, 8.7317, 8.7317, 8.7317, 8.7317, 8.7317, 8.7317, 8.7317, 2.252 , 2.252 , 2.252 , 2.252 ,
 2.252 , 2.252 , 2.252 , 2.252 , 2.252 , 2.252 , 2.252 , 2.252 , 2.252 , 2.252 , 2.252 , 2.252 ]

Bypass Diode Voltages (V):
[ 0.5886, -2.9743,  0.5886]

Bypass Diode Currents (A):
[ 6.4800e+00, -1.6077e-09,  6.4797e+00]

------------------------------------------------------------

--- Test 5 | Target Voltage: 2.2464 V ---
Total Panel Voltage : 2.2464 V
Total Panel Current : 8.7316 A
Total Power         : 27.2427 W

Cell Voltages (V):
[ 0.6254,  0.6254,  0.6254,  0.6254,  0.6254, -0.8882, -0.8882, -0.8882, -0.8882, -0.8882, -0.8882,
 -0.8882,  0.6254,  0.6254,  0.6254,  0.6254,  0.214 ,  0.214 ,  0.214 ,  0.214 ,  0.214 ,  0.214 ,
  0.214 ,  0.214 ,  0.214 ,  0.214 ,  0.214 ,  0.214 ,  0.214 ,  0.214 ,  0.214 ,  0.214 ,  0.6254,
  0.6254,  0.6254,  0.6254,  0.6254,  0.6254,  0.6254,  0.6254,  0.6254,  0.6254, -1.1404, -1.1404,
 -1.1404, -1.1404, -1.1404, -1.1404]

Cell Currents (A):
[2.2517, 2.2517, 2.2517, 2.2517, 2.2517, 2.2517, 2.2517, 2.2517, 2.2517, 2.2517, 2.2517, 2.2517,
 2.2517, 2.2517, 2.2517, 2.2517, 8.7316, 8.7316, 8.7316, 8.7316, 8.7316, 8.7316, 8.7316, 8.7316,
 8.7316, 8.7316, 8.7316, 8.7316, 8.7316, 8.7316, 8.7316, 8.7316, 2.252 , 2.252 , 2.252 , 2.252 ,
 2.252 , 2.252 , 2.252 , 2.252 , 2.252 , 2.252 , 2.252 , 2.252 , 2.252 , 2.252 , 2.252 , 2.252 ]

Bypass Diode Voltages (V):
[ 0.5886, -3.4236,  0.5886]

Bypass Diode Currents (A):
[ 6.4799e+00, -1.6116e-09,  6.4796e+00]

------------------------------------------------------------

--- Test 6 | Target Voltage: 2.6957 V ---
Total Panel Voltage : 2.6957 V
Total Panel Current : 8.7315 A
Total Power         : 31.1650 W

Cell Voltages (V):
[ 0.6254,  0.6254,  0.6254,  0.6254,  0.6254, -0.8882, -0.8882, -0.8882, -0.8882, -0.8882, -0.8882,
 -0.8882,  0.6254,  0.6254,  0.6254,  0.6254,  0.2421,  0.2421,  0.2421,  0.2421,  0.2421,  0.2421,
  0.2421,  0.2421,  0.2421,  0.2421,  0.2421,  0.2421,  0.2421,  0.2421,  0.2421,  0.2421,  0.6254,
  0.6254,  0.6254,  0.6254,  0.6254,  0.6254,  0.6254,  0.6254,  0.6254,  0.6254, -1.1404, -1.1404,
 -1.1404, -1.1404, -1.1404, -1.1404]

Cell Currents (A):
[2.2517, 2.2517, 2.2517, 2.2517, 2.2517, 2.2517, 2.2517, 2.2517, 2.2517, 2.2517, 2.2517, 2.2517,
 2.2517, 2.2517, 2.2517, 2.2517, 8.7315, 8.7315, 8.7315, 8.7315, 8.7315, 8.7315, 8.7315, 8.7315,
 8.7315, 8.7315, 8.7315, 8.7315, 8.7315, 8.7315, 8.7315, 8.7315, 2.252 , 2.252 , 2.252 , 2.252 ,
 2.252 , 2.252 , 2.252 , 2.252 , 2.252 , 2.252 , 2.252 , 2.252 , 2.252 , 2.252 , 2.252 , 2.252 ]

Bypass Diode Voltages (V):
[ 0.5886, -3.8729,  0.5886]

Bypass Diode Currents (A):
[ 6.4797e+00, -1.6179e-09,  6.4794e+00]

------------------------------------------------------------

--- Test 7 | Target Voltage: 3.1449 V ---
Total Panel Voltage : 3.1449 V
Total Panel Current : 8.7313 A
Total Power         : 35.0871 W

Cell Voltages (V):
[ 0.6254,  0.6254,  0.6254,  0.6254,  0.6254, -0.8882, -0.8882, -0.8882, -0.8882, -0.8882, -0.8882,
 -0.8882,  0.6254,  0.6254,  0.6254,  0.6254,  0.2701,  0.2701,  0.2701,  0.2701,  0.2701,  0.2701,
  0.2701,  0.2701,  0.2701,  0.2701,  0.2701,  0.2701,  0.2701,  0.2701,  0.2701,  0.2701,  0.6254,
  0.6254,  0.6254,  0.6254,  0.6254,  0.6254,  0.6254,  0.6254,  0.6254,  0.6254, -1.1404, -1.1404,
 -1.1404, -1.1404, -1.1404, -1.1404]

Cell Currents (A):
[2.2517, 2.2517, 2.2517, 2.2517, 2.2517, 2.2517, 2.2517, 2.2517, 2.2517, 2.2517, 2.2517, 2.2517,
 2.2517, 2.2517, 2.2517, 2.2517, 8.7313, 8.7313, 8.7313, 8.7313, 8.7313, 8.7313, 8.7313, 8.7313,
 8.7313, 8.7313, 8.7313, 8.7313, 8.7313, 8.7313, 8.7313, 8.7313, 2.252 , 2.252 , 2.252 , 2.252 ,
 2.252 , 2.252 , 2.252 , 2.252 , 2.252 , 2.252 , 2.252 , 2.252 , 2.252 , 2.252 , 2.252 , 2.252 ]

Bypass Diode Voltages (V):
[ 0.5886, -4.3222,  0.5886]

Bypass Diode Currents (A):
[ 6.4796e+00, -1.6285e-09,  6.4793e+00]

------------------------------------------------------------

--- Test 8 | Target Voltage: 3.5942 V ---
Total Panel Voltage : 3.5942 V
Total Panel Current : 8.7311 A
Total Power         : 39.0089 W

Cell Voltages (V):
[ 0.6254,  0.6254,  0.6254,  0.6254,  0.6254, -0.8882, -0.8882, -0.8882, -0.8882, -0.8882, -0.8882,
 -0.8882,  0.6254,  0.6254,  0.6254,  0.6254,  0.2982,  0.2982,  0.2982,  0.2982,  0.2982,  0.2982,
  0.2982,  0.2982,  0.2982,  0.2982,  0.2982,  0.2982,  0.2982,  0.2982,  0.2982,  0.2982,  0.6254,
  0.6254,  0.6254,  0.6254,  0.6254,  0.6254,  0.6254,  0.6254,  0.6254,  0.6254, -1.1404, -1.1404,
 -1.1404, -1.1404, -1.1404, -1.1404]

Cell Currents (A):
[2.2517, 2.2517, 2.2517, 2.2517, 2.2517, 2.2517, 2.2517, 2.2517, 2.2517, 2.2517, 2.2517, 2.2517,
 2.2517, 2.2517, 2.2517, 2.2517, 8.7311, 8.7311, 8.7311, 8.7311, 8.7311, 8.7311, 8.7311, 8.7311,
 8.7311, 8.7311, 8.7311, 8.7311, 8.7311, 8.7311, 8.7311, 8.7311, 2.252 , 2.252 , 2.252 , 2.252 ,
 2.252 , 2.252 , 2.252 , 2.252 , 2.252 , 2.252 , 2.252 , 2.252 , 2.252 , 2.252 , 2.252 , 2.252 ]

Bypass Diode Voltages (V):
[ 0.5886, -4.7714,  0.5886]

Bypass Diode Currents (A):
[ 6.4794e+00, -1.6470e-09,  6.4791e+00]

------------------------------------------------------------

--- Test 9 | Target Voltage: 4.0435 V ---
Total Panel Voltage : 4.0435 V
Total Panel Current : 8.7308 A
Total Power         : 42.9300 W

Cell Voltages (V):
[ 0.6254,  0.6254,  0.6254,  0.6254,  0.6254, -0.8882, -0.8882, -0.8882, -0.8882, -0.8882, -0.8882,
 -0.8882,  0.6254,  0.6254,  0.6254,  0.6254,  0.3263,  0.3263,  0.3263,  0.3263,  0.3263,  0.3263,
  0.3263,  0.3263,  0.3263,  0.3263,  0.3263,  0.3263,  0.3263,  0.3263,  0.3263,  0.3263,  0.6254,
  0.6254,  0.6254,  0.6254,  0.6254,  0.6254,  0.6254,  0.6254,  0.6254,  0.6254, -1.1404, -1.1404,
 -1.1404, -1.1404, -1.1404, -1.1404]

Cell Currents (A):
[2.2517, 2.2517, 2.2517, 2.2517, 2.2517, 2.2517, 2.2517, 2.2517, 2.2517, 2.2517, 2.2517, 2.2517,
 2.2517, 2.2517, 2.2517, 2.2517, 8.7308, 8.7308, 8.7308, 8.7308, 8.7308, 8.7308, 8.7308, 8.7308,
 8.7308, 8.7308, 8.7308, 8.7308, 8.7308, 8.7308, 8.7308, 8.7308, 2.252 , 2.252 , 2.252 , 2.252 ,
 2.252 , 2.252 , 2.252 , 2.252 , 2.252 , 2.252 , 2.252 , 2.252 , 2.252 , 2.252 , 2.252 , 2.252 ]

Bypass Diode Voltages (V):
[ 0.5886, -5.2207,  0.5886]

Bypass Diode Currents (A):
[ 6.4791e+00, -1.6000e-09,  6.4788e+00]

------------------------------------------------------------

--- Test 10 | Target Voltage: 4.4928 V ---
Total Panel Voltage : 4.4928 V
Total Panel Current : 8.7302 A
Total Power         : 46.8489 W

Cell Voltages (V):
[ 0.6254,  0.6254,  0.6254,  0.6254,  0.6254, -0.8882, -0.8882, -0.8882, -0.8882, -0.8882, -0.8882,
 -0.8882,  0.6254,  0.6254,  0.6254,  0.6254,  0.3544,  0.3544,  0.3544,  0.3544,  0.3544,  0.3544,
  0.3544,  0.3544,  0.3544,  0.3544,  0.3544,  0.3544,  0.3544,  0.3544,  0.3544,  0.3544,  0.6254,
  0.6254,  0.6254,  0.6254,  0.6254,  0.6254,  0.6254,  0.6254,  0.6254,  0.6254, -1.1404, -1.1404,
 -1.1404, -1.1404, -1.1404, -1.1404]

Cell Currents (A):
[2.2517, 2.2517, 2.2517, 2.2517, 2.2517, 2.2517, 2.2517, 2.2517, 2.2517, 2.2517, 2.2517, 2.2517,
 2.2517, 2.2517, 2.2517, 2.2517, 8.7302, 8.7302, 8.7302, 8.7302, 8.7302, 8.7302, 8.7302, 8.7302,
 8.7302, 8.7302, 8.7302, 8.7302, 8.7302, 8.7302, 8.7302, 8.7302, 2.252 , 2.252 , 2.252 , 2.252 ,
 2.252 , 2.252 , 2.252 , 2.252 , 2.252 , 2.252 , 2.252 , 2.252 , 2.252 , 2.252 , 2.252 , 2.252 ]

Bypass Diode Voltages (V):
[ 0.5886, -5.67  ,  0.5886]

Bypass Diode Currents (A):
[ 6.4784e+00, -1.6000e-09,  6.4782e+00]

------------------------------------------------------------

--- Test 11 | Target Voltage: 4.9420 V ---
Total Panel Voltage : 4.9420 V
Total Panel Current : 8.7286 A
Total Power         : 50.7617 W

Cell Voltages (V):
[ 0.6254,  0.6254,  0.6254,  0.6254,  0.6254, -0.8882, -0.8882, -0.8882, -0.8882, -0.8882, -0.8882,
 -0.8882,  0.6254,  0.6254,  0.6254,  0.6254,  0.3825,  0.3825,  0.3825,  0.3825,  0.3825,  0.3825,
  0.3825,  0.3825,  0.3825,  0.3825,  0.3825,  0.3825,  0.3825,  0.3825,  0.3825,  0.3825,  0.6254,
  0.6254,  0.6254,  0.6254,  0.6254,  0.6254,  0.6254,  0.6254,  0.6254,  0.6254, -1.1404, -1.1404,
 -1.1404, -1.1404, -1.1404, -1.1404]

Cell Currents (A):
[2.2517, 2.2517, 2.2517, 2.2517, 2.2517, 2.2517, 2.2517, 2.2517, 2.2517, 2.2517, 2.2517, 2.2517,
 2.2517, 2.2517, 2.2517, 2.2517, 8.7286, 8.7286, 8.7286, 8.7286, 8.7286, 8.7286, 8.7286, 8.7286,
 8.7286, 8.7286, 8.7286, 8.7286, 8.7286, 8.7286, 8.7286, 8.7286, 2.252 , 2.252 , 2.252 , 2.252 ,
 2.252 , 2.252 , 2.252 , 2.252 , 2.252 , 2.252 , 2.252 , 2.252 , 2.252 , 2.252 , 2.252 , 2.252 ]

Bypass Diode Voltages (V):
[ 0.5886, -6.1193,  0.5886]

Bypass Diode Currents (A):
[ 6.4769e+00, -1.6000e-09,  6.4766e+00]

------------------------------------------------------------

--- Test 12 | Target Voltage: 5.3913 V ---
Total Panel Voltage : 5.3913 V
Total Panel Current : 8.7245 A
Total Power         : 54.6559 W

Cell Voltages (V):
[ 0.6254,  0.6254,  0.6254,  0.6254,  0.6254, -0.8882, -0.8882, -0.8882, -0.8882, -0.8882, -0.8882,
 -0.8882,  0.6254,  0.6254,  0.6254,  0.6254,  0.4105,  0.4105,  0.4105,  0.4105,  0.4105,  0.4105,
  0.4105,  0.4105,  0.4105,  0.4105,  0.4105,  0.4105,  0.4105,  0.4105,  0.4105,  0.4105,  0.6254,
  0.6254,  0.6254,  0.6254,  0.6254,  0.6254,  0.6254,  0.6254,  0.6254,  0.6254, -1.1404, -1.1404,
 -1.1404, -1.1404, -1.1404, -1.1404]

Cell Currents (A):
[2.2517, 2.2517, 2.2517, 2.2517, 2.2517, 2.2517, 2.2517, 2.2517, 2.2517, 2.2517, 2.2517, 2.2517,
 2.2517, 2.2517, 2.2517, 2.2517, 8.7245, 8.7245, 8.7245, 8.7245, 8.7245, 8.7245, 8.7245, 8.7245,
 8.7245, 8.7245, 8.7245, 8.7245, 8.7245, 8.7245, 8.7245, 8.7245, 2.252 , 2.252 , 2.252 , 2.252 ,
 2.252 , 2.252 , 2.252 , 2.252 , 2.252 , 2.252 , 2.252 , 2.252 , 2.252 , 2.252 , 2.252 , 2.252 ]

Bypass Diode Voltages (V):
[ 0.5886, -6.5685,  0.5886]

Bypass Diode Currents (A):
[ 6.4728e+00, -1.6000e-09,  6.4725e+00]

------------------------------------------------------------

--- Test 13 | Target Voltage: 5.8406 V ---
Total Panel Voltage : 5.8406 V
Total Panel Current : 8.7129 A
Total Power         : 58.4938 W

Cell Voltages (V):
[ 0.6254,  0.6254,  0.6254,  0.6254,  0.6254, -0.8881, -0.8881, -0.8881, -0.8881, -0.8881, -0.8881,
 -0.8881,  0.6254,  0.6254,  0.6254,  0.6254,  0.4386,  0.4386,  0.4386,  0.4386,  0.4386,  0.4386,
  0.4386,  0.4386,  0.4386,  0.4386,  0.4386,  0.4386,  0.4386,  0.4386,  0.4386,  0.4386,  0.6254,
  0.6254,  0.6254,  0.6254,  0.6254,  0.6254,  0.6254,  0.6254,  0.6254,  0.6254, -1.1404, -1.1404,
 -1.1404, -1.1404, -1.1404, -1.1404]

Cell Currents (A):
[2.2517, 2.2517, 2.2517, 2.2517, 2.2517, 2.2517, 2.2517, 2.2517, 2.2517, 2.2517, 2.2517, 2.2517,
 2.2517, 2.2517, 2.2517, 2.2517, 8.7129, 8.7129, 8.7129, 8.7129, 8.7129, 8.7129, 8.7129, 8.7129,
 8.7129, 8.7129, 8.7129, 8.7129, 8.7129, 8.7129, 8.7129, 8.7129, 2.252 , 2.252 , 2.252 , 2.252 ,
 2.252 , 2.252 , 2.252 , 2.252 , 2.252 , 2.252 , 2.252 , 2.252 , 2.252 , 2.252 , 2.252 , 2.252 ]

Bypass Diode Voltages (V):
[ 0.5885, -7.0177,  0.5885]

Bypass Diode Currents (A):
[ 6.4612e+00, -1.6000e-09,  6.4609e+00]

------------------------------------------------------------

--- Test 14 | Target Voltage: 6.2899 V ---
Total Panel Voltage : 6.2899 V
Total Panel Current : 8.6802 A
Total Power         : 62.1623 W

Cell Voltages (V):
[ 0.6254,  0.6254,  0.6254,  0.6254,  0.6254, -0.8881, -0.8881, -0.8881, -0.8881, -0.8881, -0.8881,
 -0.8881,  0.6254,  0.6254,  0.6254,  0.6254,  0.4667,  0.4667,  0.4667,  0.4667,  0.4667,  0.4667,
  0.4667,  0.4667,  0.4667,  0.4667,  0.4667,  0.4667,  0.4667,  0.4667,  0.4667,  0.4667,  0.6254,
  0.6254,  0.6254,  0.6254,  0.6254,  0.6254,  0.6254,  0.6254,  0.6254,  0.6254, -1.1404, -1.1404,
 -1.1404, -1.1404, -1.1404, -1.1404]

Cell Currents (A):
[2.2517, 2.2517, 2.2517, 2.2517, 2.2517, 2.2517, 2.2517, 2.2517, 2.2517, 2.2517, 2.2517, 2.2517,
 2.2517, 2.2517, 2.2517, 2.2517, 8.6802, 8.6802, 8.6802, 8.6802, 8.6802, 8.6802, 8.6802, 8.6802,
 8.6802, 8.6802, 8.6802, 8.6802, 8.6802, 8.6802, 8.6802, 8.6802, 2.252 , 2.252 , 2.252 , 2.252 ,
 2.252 , 2.252 , 2.252 , 2.252 , 2.252 , 2.252 , 2.252 , 2.252 , 2.252 , 2.252 , 2.252 , 2.252 ]

Bypass Diode Voltages (V):
[ 0.5884, -7.4667,  0.5884]

Bypass Diode Currents (A):
[ 6.4285e+00, -1.6000e-09,  6.4282e+00]

------------------------------------------------------------

--- Test 15 | Target Voltage: 6.7391 V ---
Total Panel Voltage : 6.7391 V
Total Panel Current : 8.5887 A
Total Power         : 65.3332 W

Cell Voltages (V):
[ 0.6254,  0.6254,  0.6254,  0.6254,  0.6254, -0.8881, -0.8881, -0.8881, -0.8881, -0.8881, -0.8881,
 -0.8881,  0.6254,  0.6254,  0.6254,  0.6254,  0.4947,  0.4947,  0.4947,  0.4947,  0.4947,  0.4947,
  0.4947,  0.4947,  0.4947,  0.4947,  0.4947,  0.4947,  0.4947,  0.4947,  0.4947,  0.4947,  0.6254,
  0.6254,  0.6254,  0.6254,  0.6254,  0.6254,  0.6254,  0.6254,  0.6254,  0.6254, -1.1403, -1.1403,
 -1.1403, -1.1403, -1.1403, -1.1403]

Cell Currents (A):
[2.2517, 2.2517, 2.2517, 2.2517, 2.2517, 2.2517, 2.2517, 2.2517, 2.2517, 2.2517, 2.2517, 2.2517,
 2.2517, 2.2517, 2.2517, 2.2517, 8.5887, 8.5887, 8.5887, 8.5887, 8.5887, 8.5887, 8.5887, 8.5887,
 8.5887, 8.5887, 8.5887, 8.5887, 8.5887, 8.5887, 8.5887, 8.5887, 2.252 , 2.252 , 2.252 , 2.252 ,
 2.252 , 2.252 , 2.252 , 2.252 , 2.252 , 2.252 , 2.252 , 2.252 , 2.252 , 2.252 , 2.252 , 2.252 ]

Bypass Diode Voltages (V):
[ 0.588 , -7.9152,  0.588 ]

Bypass Diode Currents (A):
[ 6.3370e+00, -1.6000e-09,  6.3367e+00]

------------------------------------------------------------

--- Test 16 | Target Voltage: 7.1884 V ---
Total Panel Voltage : 7.1884 V
Total Panel Current : 8.3425 A
Total Power         : 67.1195 W

Cell Voltages (V):
[ 0.6254,  0.6254,  0.6254,  0.6254,  0.6254, -0.8879, -0.8879, -0.8879, -0.8879, -0.8879, -0.8879,
 -0.8879,  0.6254,  0.6254,  0.6254,  0.6254,  0.5226,  0.5226,  0.5226,  0.5226,  0.5226,  0.5226,
  0.5226,  0.5226,  0.5226,  0.5226,  0.5226,  0.5226,  0.5226,  0.5226,  0.5226,  0.5226,  0.6254,
  0.6254,  0.6254,  0.6254,  0.6254,  0.6254,  0.6254,  0.6254,  0.6254,  0.6254, -1.1401, -1.1401,
 -1.1401, -1.1401, -1.1401, -1.1401]

Cell Currents (A):
[2.2517, 2.2517, 2.2517, 2.2517, 2.2517, 2.2517, 2.2517, 2.2517, 2.2517, 2.2517, 2.2517, 2.2517,
 2.2517, 2.2517, 2.2517, 2.2517, 8.3425, 8.3425, 8.3425, 8.3425, 8.3425, 8.3425, 8.3425, 8.3425,
 8.3425, 8.3425, 8.3425, 8.3425, 8.3425, 8.3425, 8.3425, 8.3425, 2.252 , 2.252 , 2.252 , 2.252 ,
 2.252 , 2.252 , 2.252 , 2.252 , 2.252 , 2.252 , 2.252 , 2.252 , 2.252 , 2.252 , 2.252 , 2.252 ]

Bypass Diode Voltages (V):
[ 0.587 , -8.3624,  0.587 ]

Bypass Diode Currents (A):
[ 6.0908e+00, -1.6000e-09,  6.0905e+00]

------------------------------------------------------------

--- Test 17 | Target Voltage: 7.6377 V ---
Total Panel Voltage : 7.6377 V
Total Panel Current : 7.7393 A
Total Power         : 65.5216 W

Cell Voltages (V):
[ 0.6254,  0.6254,  0.6254,  0.6254,  0.6254, -0.8875, -0.8875, -0.8875, -0.8875, -0.8875, -0.8875,
 -0.8875,  0.6254,  0.6254,  0.6254,  0.6254,  0.5504,  0.5504,  0.5504,  0.5504,  0.5504,  0.5504,
  0.5504,  0.5504,  0.5504,  0.5504,  0.5504,  0.5504,  0.5504,  0.5504,  0.5504,  0.5504,  0.6254,
  0.6254,  0.6254,  0.6254,  0.6254,  0.6254,  0.6254,  0.6254,  0.6254,  0.6254, -1.1397, -1.1397,
 -1.1397, -1.1397, -1.1397, -1.1397]

Cell Currents (A):
[2.2517, 2.2517, 2.2517, 2.2517, 2.2517, 2.2517, 2.2517, 2.2517, 2.2517, 2.2517, 2.2517, 2.2517,
 2.2517, 2.2517, 2.2517, 2.2517, 7.7393, 7.7393, 7.7393, 7.7393, 7.7393, 7.7393, 7.7393, 7.7393,
 7.7393, 7.7393, 7.7393, 7.7393, 7.7393, 7.7393, 7.7393, 7.7393, 2.252 , 2.252 , 2.252 , 2.252 ,
 2.252 , 2.252 , 2.252 , 2.252 , 2.252 , 2.252 , 2.252 , 2.252 , 2.252 , 2.252 , 2.252 , 2.252 ]

Bypass Diode Voltages (V):
[ 0.5842, -8.8061,  0.5842]

Bypass Diode Currents (A):
[ 5.4875e+00, -1.6000e-09,  5.4873e+00]

------------------------------------------------------------

--- Test 18 | Target Voltage: 8.0870 V ---
Total Panel Voltage : 8.0870 V
Total Panel Current : 6.5011 A
Total Power         : 57.4808 W

Cell Voltages (V):
[ 0.6254,  0.6254,  0.6254,  0.6254,  0.6254, -0.8866, -0.8866, -0.8866, -0.8866, -0.8866, -0.8866,
 -0.8866,  0.6254,  0.6254,  0.6254,  0.6254,  0.5776,  0.5776,  0.5776,  0.5776,  0.5776,  0.5776,
  0.5776,  0.5776,  0.5776,  0.5776,  0.5776,  0.5776,  0.5776,  0.5776,  0.5776,  0.5776,  0.6254,
  0.6254,  0.6254,  0.6254,  0.6254,  0.6254,  0.6254,  0.6254,  0.6254,  0.6254, -1.1385, -1.1385,
 -1.1385, -1.1385, -1.1385, -1.1385]

Cell Currents (A):
[2.2517, 2.2517, 2.2517, 2.2517, 2.2517, 2.2517, 2.2517, 2.2517, 2.2517, 2.2517, 2.2517, 2.2517,
 2.2517, 2.2517, 2.2517, 2.2517, 6.5011, 6.5011, 6.5011, 6.5011, 6.5011, 6.5011, 6.5011, 6.5011,
 6.5011, 6.5011, 6.5011, 6.5011, 6.5011, 6.5011, 6.5011, 6.5011, 2.252 , 2.252 , 2.252 , 2.252 ,
 2.252 , 2.252 , 2.252 , 2.252 , 2.252 , 2.252 , 2.252 , 2.252 , 2.252 , 2.252 , 2.252 , 2.252 ]

Bypass Diode Voltages (V):
[ 0.5774, -9.2417,  0.5774]

Bypass Diode Currents (A):
[ 4.2493e+00, -1.6000e-09,  4.2491e+00]

------------------------------------------------------------

--- Test 19 | Target Voltage: 8.5362 V ---
Total Panel Voltage : 8.5362 V
Total Panel Current : 4.5176 A
Total Power         : 41.1041 W

Cell Voltages (V):
[ 0.6254,  0.6254,  0.6254,  0.6254,  0.6254, -0.8842, -0.8842, -0.8842, -0.8842, -0.8842, -0.8842,
 -0.8842,  0.6254,  0.6254,  0.6254,  0.6254,  0.6036,  0.6036,  0.6036,  0.6036,  0.6036,  0.6036,
  0.6036,  0.6036,  0.6036,  0.6036,  0.6036,  0.6036,  0.6036,  0.6036,  0.6036,  0.6036,  0.6254,
  0.6254,  0.6254,  0.6254,  0.6254,  0.6254,  0.6254,  0.6254,  0.6254,  0.6254, -1.1358, -1.1358,
 -1.1358, -1.1358, -1.1358, -1.1358]

Cell Currents (A):
[2.2517, 2.2517, 2.2517, 2.2517, 2.2517, 2.2517, 2.2517, 2.2517, 2.2517, 2.2517, 2.2517, 2.2517,
 2.2517, 2.2517, 2.2517, 2.2517, 4.5176, 4.5176, 4.5176, 4.5176, 4.5176, 4.5176, 4.5176, 4.5176,
 4.5176, 4.5176, 4.5176, 4.5176, 4.5176, 4.5176, 4.5176, 4.5176, 2.252 , 2.252 , 2.252 , 2.252 ,
 2.252 , 2.252 , 2.252 , 2.252 , 2.252 , 2.252 , 2.252 , 2.252 , 2.252 , 2.252 , 2.252 , 2.252 ]

Bypass Diode Voltages (V):
[ 0.5607, -9.6576,  0.5607]

Bypass Diode Currents (A):
[ 2.2659e+00, -1.6000e-09,  2.2656e+00]

------------------------------------------------------------

--- Test 20 | Target Voltage: 8.9855 V ---
Total Panel Voltage : 8.9855 V
Total Panel Current : 2.4533 A
Total Power         : 22.2440 W

Cell Voltages (V):
[ 0.6254,  0.6254,  0.6254,  0.6254,  0.6254, -0.875 , -0.875 , -0.875 , -0.875 , -0.875 , -0.875 ,
 -0.875 ,  0.6254,  0.6254,  0.6254,  0.6254,  0.6236,  0.6236,  0.6236,  0.6236,  0.6236,  0.6236,
  0.6236,  0.6236,  0.6236,  0.6236,  0.6236,  0.6236,  0.6236,  0.6236,  0.6236,  0.6236,  0.6254,
  0.6254,  0.6254,  0.6254,  0.6254,  0.6254,  0.6254,  0.6254,  0.6254,  0.6254, -1.125 , -1.125 ,
 -1.125 , -1.125 , -1.125 , -1.125 ]

Cell Currents (A):
[2.2517, 2.2517, 2.2517, 2.2517, 2.2517, 2.2517, 2.2517, 2.2517, 2.2517, 2.2517, 2.2517, 2.2517,
 2.2517, 2.2517, 2.2517, 2.2517, 2.4533, 2.4533, 2.4533, 2.4533, 2.4533, 2.4533, 2.4533, 2.4533,
 2.4533, 2.4533, 2.4533, 2.4533, 2.4533, 2.4533, 2.4533, 2.4533, 2.252 , 2.252 , 2.252 , 2.252 ,
 2.252 , 2.252 , 2.252 , 2.252 , 2.252 , 2.252 , 2.252 , 2.252 , 2.252 , 2.252 , 2.252 , 2.252 ]

Bypass Diode Voltages (V):
[ 0.4963, -9.978 ,  0.4962]

Bypass Diode Currents (A):
[ 2.0157e-01, -1.6000e-09,  2.0130e-01]

------------------------------------------------------------

--- Test 21 | Target Voltage: 9.4348 V ---
Total Panel Voltage : 9.4348 V
Total Panel Current : 2.2520 A
Total Power         : 21.2469 W

Cell Voltages (V):
[ 0.6254,  0.6254,  0.6254,  0.6254,  0.6254, -0.8498, -0.8498, -0.8498, -0.8498, -0.8498, -0.8498,
 -0.8498,  0.6254,  0.6254,  0.6254,  0.6254,  0.6254,  0.6254,  0.6254,  0.6254,  0.6254,  0.6254,
  0.6254,  0.6254,  0.6254,  0.6254,  0.6254,  0.6254,  0.6254,  0.6254,  0.6254,  0.6254,  0.6254,
  0.6254,  0.6254,  0.6254,  0.6254,  0.6254,  0.6254,  0.6254,  0.6254,  0.6254, -1.0842, -1.0842,
 -1.0842, -1.0842, -1.0842, -1.0842]

Cell Currents (A):
[2.2517, 2.2517, 2.2517, 2.2517, 2.2517, 2.2517, 2.2517, 2.2517, 2.2517, 2.2517, 2.2517, 2.2517,
 2.2517, 2.2517, 2.2517, 2.2517, 2.252 , 2.252 , 2.252 , 2.252 , 2.252 , 2.252 , 2.252 , 2.252 ,
 2.252 , 2.252 , 2.252 , 2.252 , 2.252 , 2.252 , 2.252 , 2.252 , 2.2519, 2.2519, 2.2519, 2.2519,
 2.2519, 2.2519, 2.2519, 2.2519, 2.2519, 2.2519, 2.2519, 2.2519, 2.2519, 2.2519, 2.2519, 2.2519]

Bypass Diode Voltages (V):
[  0.3203, -10.0062,   0.2511]

Bypass Diode Currents (A):
[ 2.7076e-04, -1.6000e-09,  2.0038e-05]

------------------------------------------------------------

--- Test 22 | Target Voltage: 9.8841 V ---
Total Panel Voltage : 9.8841 V
Total Panel Current : 2.2519 A
Total Power         : 22.2576 W

Cell Voltages (V):
[ 0.6254,  0.6254,  0.6254,  0.6254,  0.6254, -0.8482, -0.8482, -0.8482, -0.8482, -0.8482, -0.8482,
 -0.8482,  0.6254,  0.6254,  0.6254,  0.6254,  0.6254,  0.6254,  0.6254,  0.6254,  0.6254,  0.6254,
  0.6254,  0.6254,  0.6254,  0.6254,  0.6254,  0.6254,  0.6254,  0.6254,  0.6254,  0.6254,  0.6254,
  0.6254,  0.6254,  0.6254,  0.6254,  0.6254,  0.6254,  0.6254,  0.6254,  0.6254, -1.0112, -1.0112,
 -1.0112, -1.0112, -1.0112, -1.0112]

Cell Currents (A):
[2.2517, 2.2517, 2.2517, 2.2517, 2.2517, 2.2517, 2.2517, 2.2517, 2.2517, 2.2517, 2.2517, 2.2517,
 2.2517, 2.2517, 2.2517, 2.2517, 2.2519, 2.2519, 2.2519, 2.2519, 2.2519, 2.2519, 2.2519, 2.2519,
 2.2519, 2.2519, 2.2519, 2.2519, 2.2519, 2.2519, 2.2519, 2.2519, 2.2519, 2.2519, 2.2519, 2.2519,
 2.2519, 2.2519, 2.2519, 2.2519, 2.2519, 2.2519, 2.2519, 2.2519, 2.2519, 2.2519, 2.2519, 2.2519]

Bypass Diode Voltages (V):
[  0.3086, -10.0062,  -0.1865]

Bypass Diode Currents (A):
[ 1.7448e-04, -1.6000e-09, -1.5974e-09]

------------------------------------------------------------

--- Test 23 | Target Voltage: 10.3333 V ---
Total Panel Voltage : 10.3333 V
Total Panel Current : 2.2518 A
Total Power         : 23.2685 W

Cell Voltages (V):
[ 0.6254,  0.6254,  0.6254,  0.6254,  0.6254, -0.846 , -0.846 , -0.846 , -0.846 , -0.846 , -0.846 ,
 -0.846 ,  0.6254,  0.6254,  0.6254,  0.6254,  0.6254,  0.6254,  0.6254,  0.6254,  0.6254,  0.6254,
  0.6254,  0.6254,  0.6254,  0.6254,  0.6254,  0.6254,  0.6254,  0.6254,  0.6254,  0.6254,  0.6254,
  0.6254,  0.6254,  0.6254,  0.6254,  0.6254,  0.6254,  0.6254,  0.6254,  0.6254, -0.9388, -0.9388,
 -0.9388, -0.9388, -0.9388, -0.9388]

Cell Currents (A):
[2.2517, 2.2517, 2.2517, 2.2517, 2.2517, 2.2517, 2.2517, 2.2517, 2.2517, 2.2517, 2.2517, 2.2517,
 2.2517, 2.2517, 2.2517, 2.2517, 2.2518, 2.2518, 2.2518, 2.2518, 2.2518, 2.2518, 2.2518, 2.2518,
 2.2518, 2.2518, 2.2518, 2.2518, 2.2518, 2.2518, 2.2518, 2.2518, 2.2518, 2.2518, 2.2518, 2.2518,
 2.2518, 2.2518, 2.2518, 2.2518, 2.2518, 2.2518, 2.2518, 2.2518, 2.2518, 2.2518, 2.2518, 2.2518]

Bypass Diode Voltages (V):
[  0.2937, -10.0062,  -0.6208]

Bypass Diode Currents (A):
[ 9.9324e-05, -1.6000e-09, -1.6000e-09]

------------------------------------------------------------

--- Test 24 | Target Voltage: 10.7826 V ---
Total Panel Voltage : 10.7826 V
Total Panel Current : 2.2517 A
Total Power         : 24.2794 W

Cell Voltages (V):
[ 0.6254,  0.6254,  0.6254,  0.6254,  0.6254, -0.8414, -0.8414, -0.8414, -0.8414, -0.8414, -0.8414,
 -0.8414,  0.6254,  0.6254,  0.6254,  0.6254,  0.6254,  0.6254,  0.6254,  0.6254,  0.6254,  0.6254,
  0.6254,  0.6254,  0.6254,  0.6254,  0.6254,  0.6254,  0.6254,  0.6254,  0.6254,  0.6254,  0.6254,
  0.6254,  0.6254,  0.6254,  0.6254,  0.6254,  0.6254,  0.6254,  0.6254,  0.6254, -0.8693, -0.8693,
 -0.8693, -0.8693, -0.8693, -0.8693]

Cell Currents (A):
[2.2517, 2.2517, 2.2517, 2.2517, 2.2517, 2.2517, 2.2517, 2.2517, 2.2517, 2.2517, 2.2517, 2.2517,
 2.2517, 2.2517, 2.2517, 2.2517, 2.2517, 2.2517, 2.2517, 2.2517, 2.2517, 2.2517, 2.2517, 2.2517,
 2.2517, 2.2517, 2.2517, 2.2517, 2.2517, 2.2517, 2.2517, 2.2517, 2.2517, 2.2517, 2.2517, 2.2517,
 2.2517, 2.2517, 2.2517, 2.2517, 2.2517, 2.2517, 2.2517, 2.2517, 2.2517, 2.2517, 2.2517, 2.2517]

Bypass Diode Voltages (V):
[  0.2616, -10.0062,  -1.038 ]

Bypass Diode Currents (A):
[ 2.9811e-05, -1.6000e-09, -1.5999e-09]

------------------------------------------------------------

--- Test 25 | Target Voltage: 11.2319 V ---
Total Panel Voltage : 11.2319 V
Total Panel Current : 2.2517 A
Total Power         : 25.2904 W

Cell Voltages (V):
[ 0.6254,  0.6254,  0.6254,  0.6254,  0.6254, -0.8197, -0.8197, -0.8197, -0.8197, -0.8197, -0.8197,
 -0.8197,  0.6254,  0.6254,  0.6254,  0.6254,  0.6254,  0.6254,  0.6254,  0.6254,  0.6254,  0.6254,
  0.6254,  0.6254,  0.6254,  0.6254,  0.6254,  0.6254,  0.6254,  0.6254,  0.6254,  0.6254,  0.6254,
  0.6254,  0.6254,  0.6254,  0.6254,  0.6254,  0.6254,  0.6254,  0.6254,  0.6254, -0.8198, -0.8198,
 -0.8198, -0.8198, -0.8198, -0.8198]

Cell Currents (A):
[2.2517, 2.2517, 2.2517, 2.2517, 2.2517, 2.2517, 2.2517, 2.2517, 2.2517, 2.2517, 2.2517, 2.2517,
 2.2517, 2.2517, 2.2517, 2.2517, 2.2517, 2.2517, 2.2517, 2.2517, 2.2517, 2.2517, 2.2517, 2.2517,
 2.2517, 2.2517, 2.2517, 2.2517, 2.2517, 2.2517, 2.2517, 2.2517, 2.2517, 2.2517, 2.2517, 2.2517,
 2.2517, 2.2517, 2.2517, 2.2517, 2.2517, 2.2517, 2.2517, 2.2517, 2.2517, 2.2517, 2.2517, 2.2517]

Bypass Diode Voltages (V):
[  0.1094, -10.0062,  -1.3351]

Bypass Diode Currents (A):
[ 9.6211e-08, -1.6000e-09, -1.6003e-09]

------------------------------------------------------------

--- Test 26 | Target Voltage: 11.6812 V ---
Total Panel Voltage : 11.6812 V
Total Panel Current : 2.2516 A
Total Power         : 26.3016 W

Cell Voltages (V):
[ 0.6254,  0.6254,  0.6254,  0.6254,  0.6254, -0.7852, -0.7852, -0.7852, -0.7852, -0.7852, -0.7852,
 -0.7852,  0.6254,  0.6254,  0.6254,  0.6254,  0.6254,  0.6254,  0.6254,  0.6254,  0.6254,  0.6254,
  0.6254,  0.6254,  0.6254,  0.6254,  0.6254,  0.6254,  0.6254,  0.6254,  0.6254,  0.6254,  0.6254,
  0.6254,  0.6254,  0.6254,  0.6254,  0.6254,  0.6254,  0.6254,  0.6254,  0.6254, -0.7852, -0.7852,
 -0.7852, -0.7852, -0.7852, -0.7852]

Cell Currents (A):
[2.2516, 2.2516, 2.2516, 2.2516, 2.2516, 2.2516, 2.2516, 2.2516, 2.2516, 2.2516, 2.2516, 2.2516,
 2.2516, 2.2516, 2.2516, 2.2516, 2.2516, 2.2516, 2.2516, 2.2516, 2.2516, 2.2516, 2.2516, 2.2516,
 2.2516, 2.2516, 2.2516, 2.2516, 2.2516, 2.2516, 2.2516, 2.2516, 2.2516, 2.2516, 2.2516, 2.2516,
 2.2516, 2.2516, 2.2516, 2.2516, 2.2516, 2.2516, 2.2516, 2.2516, 2.2516, 2.2516, 2.2516, 2.2516]

Bypass Diode Voltages (V):
[ -0.1322, -10.0062,  -1.5428]

Bypass Diode Currents (A):
[-1.5875e-09, -1.6000e-09, -1.6014e-09]

------------------------------------------------------------

--- Test 27 | Target Voltage: 12.1304 V ---
Total Panel Voltage : 12.1304 V
Total Panel Current : 2.2516 A
Total Power         : 27.3127 W

Cell Voltages (V):
[ 0.6254,  0.6254,  0.6254,  0.6254,  0.6254, -0.7506, -0.7506, -0.7506, -0.7506, -0.7506, -0.7506,
 -0.7506,  0.6254,  0.6254,  0.6254,  0.6254,  0.6254,  0.6254,  0.6254,  0.6254,  0.6254,  0.6254,
  0.6254,  0.6254,  0.6254,  0.6254,  0.6254,  0.6254,  0.6254,  0.6254,  0.6254,  0.6254,  0.6254,
  0.6254,  0.6254,  0.6254,  0.6254,  0.6254,  0.6254,  0.6254,  0.6254,  0.6254, -0.7506, -0.7506,
 -0.7506, -0.7506, -0.7506, -0.7506]

Cell Currents (A):
[2.2516, 2.2516, 2.2516, 2.2516, 2.2516, 2.2516, 2.2516, 2.2516, 2.2516, 2.2516, 2.2516, 2.2516,
 2.2516, 2.2516, 2.2516, 2.2516, 2.2516, 2.2516, 2.2516, 2.2516, 2.2516, 2.2516, 2.2516, 2.2516,
 2.2516, 2.2516, 2.2516, 2.2516, 2.2516, 2.2516, 2.2516, 2.2516, 2.2516, 2.2516, 2.2516, 2.2516,
 2.2516, 2.2516, 2.2516, 2.2516, 2.2516, 2.2516, 2.2516, 2.2516, 2.2516, 2.2516, 2.2516, 2.2516]

Bypass Diode Voltages (V):
[ -0.3741, -10.0062,  -1.7501]

Bypass Diode Currents (A):
[-1.6e-09, -1.6e-09, -1.6e-09]

------------------------------------------------------------

--- Test 28 | Target Voltage: 12.5797 V ---
Total Panel Voltage : 12.5797 V
Total Panel Current : 2.2516 A
Total Power         : 28.3239 W

Cell Voltages (V):
[ 0.6254,  0.6254,  0.6254,  0.6254,  0.6254, -0.7161, -0.7161, -0.7161, -0.7161, -0.7161, -0.7161,
 -0.7161,  0.6254,  0.6254,  0.6254,  0.6254,  0.6254,  0.6254,  0.6254,  0.6254,  0.6254,  0.6254,
  0.6254,  0.6254,  0.6254,  0.6254,  0.6254,  0.6254,  0.6254,  0.6254,  0.6254,  0.6254,  0.6254,
  0.6254,  0.6254,  0.6254,  0.6254,  0.6254,  0.6254,  0.6254,  0.6254,  0.6254, -0.7161, -0.7161,
 -0.7161, -0.7161, -0.7161, -0.7161]

Cell Currents (A):
[2.2516, 2.2516, 2.2516, 2.2516, 2.2516, 2.2516, 2.2516, 2.2516, 2.2516, 2.2516, 2.2516, 2.2516,
 2.2516, 2.2516, 2.2516, 2.2516, 2.2516, 2.2516, 2.2516, 2.2516, 2.2516, 2.2516, 2.2516, 2.2516,
 2.2516, 2.2516, 2.2516, 2.2516, 2.2516, 2.2516, 2.2516, 2.2516, 2.2516, 2.2516, 2.2516, 2.2516,
 2.2516, 2.2516, 2.2516, 2.2516, 2.2516, 2.2516, 2.2516, 2.2516, 2.2516, 2.2516, 2.2516, 2.2516]

Bypass Diode Voltages (V):
[ -0.616 , -10.0062,  -1.9575]

Bypass Diode Currents (A):
[-1.6e-09, -1.6e-09, -1.6e-09]

------------------------------------------------------------

--- Test 29 | Target Voltage: 13.0290 V ---
Total Panel Voltage : 13.0290 V
Total Panel Current : 2.2515 A
Total Power         : 29.3350 W

Cell Voltages (V):
[ 0.6254,  0.6254,  0.6254,  0.6254,  0.6254, -0.6815, -0.6815, -0.6815, -0.6815, -0.6815, -0.6815,
 -0.6815,  0.6254,  0.6254,  0.6254,  0.6254,  0.6254,  0.6254,  0.6254,  0.6254,  0.6254,  0.6254,
  0.6254,  0.6254,  0.6254,  0.6254,  0.6254,  0.6254,  0.6254,  0.6254,  0.6254,  0.6254,  0.6254,
  0.6254,  0.6254,  0.6254,  0.6254,  0.6254,  0.6254,  0.6254,  0.6254,  0.6254, -0.6815, -0.6815,
 -0.6815, -0.6815, -0.6815, -0.6815]

Cell Currents (A):
[2.2515, 2.2515, 2.2515, 2.2515, 2.2515, 2.2515, 2.2515, 2.2515, 2.2515, 2.2515, 2.2515, 2.2515,
 2.2515, 2.2515, 2.2515, 2.2515, 2.2515, 2.2515, 2.2515, 2.2515, 2.2515, 2.2515, 2.2515, 2.2515,
 2.2515, 2.2515, 2.2515, 2.2515, 2.2515, 2.2515, 2.2515, 2.2515, 2.2515, 2.2515, 2.2515, 2.2515,
 2.2515, 2.2515, 2.2515, 2.2515, 2.2515, 2.2515, 2.2515, 2.2515, 2.2515, 2.2515, 2.2515, 2.2515]

Bypass Diode Voltages (V):
[ -0.8579, -10.0062,  -2.1648]

Bypass Diode Currents (A):
[-1.6e-09, -1.6e-09, -1.6e-09]

------------------------------------------------------------

--- Test 30 | Target Voltage: 13.4783 V ---
Total Panel Voltage : 13.4783 V
Total Panel Current : 2.2515 A
Total Power         : 30.3460 W

Cell Voltages (V):
[ 0.6254,  0.6254,  0.6254,  0.6254,  0.6254, -0.647 , -0.647 , -0.647 , -0.647 , -0.647 , -0.647 ,
 -0.647 ,  0.6254,  0.6254,  0.6254,  0.6254,  0.6254,  0.6254,  0.6254,  0.6254,  0.6254,  0.6254,
  0.6254,  0.6254,  0.6254,  0.6254,  0.6254,  0.6254,  0.6254,  0.6254,  0.6254,  0.6254,  0.6254,
  0.6254,  0.6254,  0.6254,  0.6254,  0.6254,  0.6254,  0.6254,  0.6254,  0.6254, -0.647 , -0.647 ,
 -0.647 , -0.647 , -0.647 , -0.647 ]

Cell Currents (A):
[2.2515, 2.2515, 2.2515, 2.2515, 2.2515, 2.2515, 2.2515, 2.2515, 2.2515, 2.2515, 2.2515, 2.2515,
 2.2515, 2.2515, 2.2515, 2.2515, 2.2515, 2.2515, 2.2515, 2.2515, 2.2515, 2.2515, 2.2515, 2.2515,
 2.2515, 2.2515, 2.2515, 2.2515, 2.2515, 2.2515, 2.2515, 2.2515, 2.2515, 2.2515, 2.2515, 2.2515,
 2.2515, 2.2515, 2.2515, 2.2515, 2.2515, 2.2515, 2.2515, 2.2515, 2.2515, 2.2515, 2.2515, 2.2515]

Bypass Diode Voltages (V):
[ -1.0998, -10.0062,  -2.3722]

Bypass Diode Currents (A):
[-1.6e-09, -1.6e-09, -1.6e-09]

------------------------------------------------------------

--- Test 31 | Target Voltage: 13.9275 V ---
Total Panel Voltage : 13.9275 V
Total Panel Current : 2.2514 A
Total Power         : 31.3570 W

Cell Voltages (V):
[ 0.6254,  0.6254,  0.6254,  0.6254,  0.6254, -0.6124, -0.6124, -0.6124, -0.6124, -0.6124, -0.6124,
 -0.6124,  0.6254,  0.6254,  0.6254,  0.6254,  0.6254,  0.6254,  0.6254,  0.6254,  0.6254,  0.6254,
  0.6254,  0.6254,  0.6254,  0.6254,  0.6254,  0.6254,  0.6254,  0.6254,  0.6254,  0.6254,  0.6254,
  0.6254,  0.6254,  0.6254,  0.6254,  0.6254,  0.6254,  0.6254,  0.6254,  0.6254, -0.6124, -0.6124,
 -0.6124, -0.6124, -0.6124, -0.6124]

Cell Currents (A):
[2.2514, 2.2514, 2.2514, 2.2514, 2.2514, 2.2514, 2.2514, 2.2514, 2.2514, 2.2514, 2.2514, 2.2514,
 2.2514, 2.2514, 2.2514, 2.2514, 2.2514, 2.2514, 2.2514, 2.2514, 2.2514, 2.2514, 2.2514, 2.2514,
 2.2514, 2.2514, 2.2514, 2.2514, 2.2514, 2.2514, 2.2514, 2.2514, 2.2514, 2.2514, 2.2514, 2.2514,
 2.2514, 2.2514, 2.2514, 2.2514, 2.2514, 2.2514, 2.2514, 2.2514, 2.2514, 2.2514, 2.2514, 2.2514]

Bypass Diode Voltages (V):
[ -1.3417, -10.0063,  -2.5795]

Bypass Diode Currents (A):
[-1.6e-09, -1.6e-09, -1.6e-09]

------------------------------------------------------------

--- Test 32 | Target Voltage: 14.3768 V ---
Total Panel Voltage : 14.3768 V
Total Panel Current : 2.2514 A
Total Power         : 32.3680 W

Cell Voltages (V):
[ 0.6254,  0.6254,  0.6254,  0.6254,  0.6254, -0.5778, -0.5778, -0.5778, -0.5778, -0.5778, -0.5778,
 -0.5778,  0.6254,  0.6254,  0.6254,  0.6254,  0.6254,  0.6254,  0.6254,  0.6254,  0.6254,  0.6254,
  0.6254,  0.6254,  0.6254,  0.6254,  0.6254,  0.6254,  0.6254,  0.6254,  0.6254,  0.6254,  0.6254,
  0.6254,  0.6254,  0.6254,  0.6254,  0.6254,  0.6254,  0.6254,  0.6254,  0.6254, -0.5778, -0.5778,
 -0.5778, -0.5778, -0.5778, -0.5778]

Cell Currents (A):
[2.2514, 2.2514, 2.2514, 2.2514, 2.2514, 2.2514, 2.2514, 2.2514, 2.2514, 2.2514, 2.2514, 2.2514,
 2.2514, 2.2514, 2.2514, 2.2514, 2.2514, 2.2514, 2.2514, 2.2514, 2.2514, 2.2514, 2.2514, 2.2514,
 2.2514, 2.2514, 2.2514, 2.2514, 2.2514, 2.2514, 2.2514, 2.2514, 2.2514, 2.2514, 2.2514, 2.2514,
 2.2514, 2.2514, 2.2514, 2.2514, 2.2514, 2.2514, 2.2514, 2.2514, 2.2514, 2.2514, 2.2514, 2.2514]

Bypass Diode Voltages (V):
[ -1.5837, -10.0063,  -2.7869]

Bypass Diode Currents (A):
[-1.6e-09, -1.6e-09, -1.6e-09]

------------------------------------------------------------

--- Test 33 | Target Voltage: 14.8261 V ---
Total Panel Voltage : 14.8261 V
Total Panel Current : 2.2514 A
Total Power         : 33.3790 W

Cell Voltages (V):
[ 0.6254,  0.6254,  0.6254,  0.6254,  0.6254, -0.5433, -0.5433, -0.5433, -0.5433, -0.5433, -0.5433,
 -0.5433,  0.6254,  0.6254,  0.6254,  0.6254,  0.6254,  0.6254,  0.6254,  0.6254,  0.6254,  0.6254,
  0.6254,  0.6254,  0.6254,  0.6254,  0.6254,  0.6254,  0.6254,  0.6254,  0.6254,  0.6254,  0.6254,
  0.6254,  0.6254,  0.6254,  0.6254,  0.6254,  0.6254,  0.6254,  0.6254,  0.6254, -0.5433, -0.5433,
 -0.5433, -0.5433, -0.5433, -0.5433]

Cell Currents (A):
[2.2514, 2.2514, 2.2514, 2.2514, 2.2514, 2.2514, 2.2514, 2.2514, 2.2514, 2.2514, 2.2514, 2.2514,
 2.2514, 2.2514, 2.2514, 2.2514, 2.2514, 2.2514, 2.2514, 2.2514, 2.2514, 2.2514, 2.2514, 2.2514,
 2.2514, 2.2514, 2.2514, 2.2514, 2.2514, 2.2514, 2.2514, 2.2514, 2.2514, 2.2514, 2.2514, 2.2514,
 2.2514, 2.2514, 2.2514, 2.2514, 2.2514, 2.2514, 2.2514, 2.2514, 2.2514, 2.2514, 2.2514, 2.2514]

Bypass Diode Voltages (V):
[ -1.8256, -10.0063,  -2.9942]

Bypass Diode Currents (A):
[-1.6e-09, -1.6e-09, -1.6e-09]

------------------------------------------------------------

--- Test 34 | Target Voltage: 15.2754 V ---
Total Panel Voltage : 15.2754 V
Total Panel Current : 2.2513 A
Total Power         : 34.3899 W

Cell Voltages (V):
[ 0.6254,  0.6254,  0.6254,  0.6254,  0.6254, -0.5087, -0.5087, -0.5087, -0.5087, -0.5087, -0.5087,
 -0.5087,  0.6254,  0.6254,  0.6254,  0.6254,  0.6254,  0.6254,  0.6254,  0.6254,  0.6254,  0.6254,
  0.6254,  0.6254,  0.6254,  0.6254,  0.6254,  0.6254,  0.6254,  0.6254,  0.6254,  0.6254,  0.6254,
  0.6254,  0.6254,  0.6254,  0.6254,  0.6254,  0.6254,  0.6254,  0.6254,  0.6254, -0.5087, -0.5087,
 -0.5087, -0.5087, -0.5087, -0.5087]

Cell Currents (A):
[2.2513, 2.2513, 2.2513, 2.2513, 2.2513, 2.2513, 2.2513, 2.2513, 2.2513, 2.2513, 2.2513, 2.2513,
 2.2513, 2.2513, 2.2513, 2.2513, 2.2513, 2.2513, 2.2513, 2.2513, 2.2513, 2.2513, 2.2513, 2.2513,
 2.2513, 2.2513, 2.2513, 2.2513, 2.2513, 2.2513, 2.2513, 2.2513, 2.2513, 2.2513, 2.2513, 2.2513,
 2.2513, 2.2513, 2.2513, 2.2513, 2.2513, 2.2513, 2.2513, 2.2513, 2.2513, 2.2513, 2.2513, 2.2513]

Bypass Diode Voltages (V):
[ -2.0675, -10.0063,  -3.2016]

Bypass Diode Currents (A):
[-1.6e-09, -1.6e-09, -1.6e-09]

------------------------------------------------------------

--- Test 35 | Target Voltage: 15.7246 V ---
Total Panel Voltage : 15.7246 V
Total Panel Current : 2.2513 A
Total Power         : 35.4008 W

Cell Voltages (V):
[ 0.6254,  0.6254,  0.6254,  0.6254,  0.6254, -0.4742, -0.4742, -0.4742, -0.4742, -0.4742, -0.4742,
 -0.4742,  0.6254,  0.6254,  0.6254,  0.6254,  0.6254,  0.6254,  0.6254,  0.6254,  0.6254,  0.6254,
  0.6254,  0.6254,  0.6254,  0.6254,  0.6254,  0.6254,  0.6254,  0.6254,  0.6254,  0.6254,  0.6254,
  0.6254,  0.6254,  0.6254,  0.6254,  0.6254,  0.6254,  0.6254,  0.6254,  0.6254, -0.4742, -0.4742,
 -0.4742, -0.4742, -0.4742, -0.4742]

Cell Currents (A):
[2.2513, 2.2513, 2.2513, 2.2513, 2.2513, 2.2513, 2.2513, 2.2513, 2.2513, 2.2513, 2.2513, 2.2513,
 2.2513, 2.2513, 2.2513, 2.2513, 2.2513, 2.2513, 2.2513, 2.2513, 2.2513, 2.2513, 2.2513, 2.2513,
 2.2513, 2.2513, 2.2513, 2.2513, 2.2513, 2.2513, 2.2513, 2.2513, 2.2513, 2.2513, 2.2513, 2.2513,
 2.2513, 2.2513, 2.2513, 2.2513, 2.2513, 2.2513, 2.2513, 2.2513, 2.2513, 2.2513, 2.2513, 2.2513]

Bypass Diode Voltages (V):
[ -2.3094, -10.0063,  -3.409 ]

Bypass Diode Currents (A):
[-1.6e-09, -1.6e-09, -1.6e-09]

------------------------------------------------------------

--- Test 36 | Target Voltage: 16.1739 V ---
Total Panel Voltage : 16.1739 V
Total Panel Current : 2.2513 A
Total Power         : 36.4116 W

Cell Voltages (V):
[ 0.6254,  0.6254,  0.6254,  0.6254,  0.6254, -0.4396, -0.4396, -0.4396, -0.4396, -0.4396, -0.4396,
 -0.4396,  0.6254,  0.6254,  0.6254,  0.6254,  0.6254,  0.6254,  0.6254,  0.6254,  0.6254,  0.6254,
  0.6254,  0.6254,  0.6254,  0.6254,  0.6254,  0.6254,  0.6254,  0.6254,  0.6254,  0.6254,  0.6254,
  0.6254,  0.6254,  0.6254,  0.6254,  0.6254,  0.6254,  0.6254,  0.6254,  0.6254, -0.4396, -0.4396,
 -0.4396, -0.4396, -0.4396, -0.4396]

Cell Currents (A):
[2.2513, 2.2513, 2.2513, 2.2513, 2.2513, 2.2513, 2.2513, 2.2513, 2.2513, 2.2513, 2.2513, 2.2513,
 2.2513, 2.2513, 2.2513, 2.2513, 2.2513, 2.2513, 2.2513, 2.2513, 2.2513, 2.2513, 2.2513, 2.2513,
 2.2513, 2.2513, 2.2513, 2.2513, 2.2513, 2.2513, 2.2513, 2.2513, 2.2513, 2.2513, 2.2513, 2.2513,
 2.2513, 2.2513, 2.2513, 2.2513, 2.2513, 2.2513, 2.2513, 2.2513, 2.2513, 2.2513, 2.2513, 2.2513]

Bypass Diode Voltages (V):
[ -2.5513, -10.0063,  -3.6163]

Bypass Diode Currents (A):
[-1.5999e-09, -1.6000e-09, -1.6001e-09]

------------------------------------------------------------

--- Test 37 | Target Voltage: 16.6232 V ---
Total Panel Voltage : 16.6232 V
Total Panel Current : 2.2512 A
Total Power         : 37.4224 W

Cell Voltages (V):
[ 0.6254,  0.6254,  0.6254,  0.6254,  0.6254, -0.405 , -0.405 , -0.405 , -0.405 , -0.405 , -0.405 ,
 -0.405 ,  0.6254,  0.6254,  0.6254,  0.6254,  0.6254,  0.6254,  0.6254,  0.6254,  0.6254,  0.6254,
  0.6254,  0.6254,  0.6254,  0.6254,  0.6254,  0.6254,  0.6254,  0.6254,  0.6254,  0.6254,  0.6254,
  0.6254,  0.6254,  0.6254,  0.6254,  0.6254,  0.6254,  0.6254,  0.6254,  0.6254, -0.405 , -0.405 ,
 -0.405 , -0.405 , -0.405 , -0.405 ]

Cell Currents (A):
[2.2512, 2.2512, 2.2512, 2.2512, 2.2512, 2.2512, 2.2512, 2.2512, 2.2512, 2.2512, 2.2512, 2.2512,
 2.2512, 2.2512, 2.2512, 2.2512, 2.2512, 2.2512, 2.2512, 2.2512, 2.2512, 2.2512, 2.2512, 2.2512,
 2.2512, 2.2512, 2.2512, 2.2512, 2.2512, 2.2512, 2.2512, 2.2512, 2.2512, 2.2512, 2.2512, 2.2512,
 2.2512, 2.2512, 2.2512, 2.2512, 2.2512, 2.2512, 2.2512, 2.2512, 2.2512, 2.2512, 2.2512, 2.2512]

Bypass Diode Voltages (V):
[ -2.7932, -10.0063,  -3.8237]

Bypass Diode Currents (A):
[-1.5999e-09, -1.6000e-09, -1.6001e-09]

------------------------------------------------------------

--- Test 38 | Target Voltage: 17.0725 V ---
Total Panel Voltage : 17.0725 V
Total Panel Current : 2.2512 A
Total Power         : 38.4332 W

Cell Voltages (V):
[ 0.6254,  0.6254,  0.6254,  0.6254,  0.6254, -0.3705, -0.3705, -0.3705, -0.3705, -0.3705, -0.3705,
 -0.3705,  0.6254,  0.6254,  0.6254,  0.6254,  0.6254,  0.6254,  0.6254,  0.6254,  0.6254,  0.6254,
  0.6254,  0.6254,  0.6254,  0.6254,  0.6254,  0.6254,  0.6254,  0.6254,  0.6254,  0.6254,  0.6254,
  0.6254,  0.6254,  0.6254,  0.6254,  0.6254,  0.6254,  0.6254,  0.6254,  0.6254, -0.3705, -0.3705,
 -0.3705, -0.3705, -0.3705, -0.3705]

Cell Currents (A):
[2.2512, 2.2512, 2.2512, 2.2512, 2.2512, 2.2512, 2.2512, 2.2512, 2.2512, 2.2512, 2.2512, 2.2512,
 2.2512, 2.2512, 2.2512, 2.2512, 2.2512, 2.2512, 2.2512, 2.2512, 2.2512, 2.2512, 2.2512, 2.2512,
 2.2512, 2.2512, 2.2512, 2.2512, 2.2512, 2.2512, 2.2512, 2.2512, 2.2512, 2.2512, 2.2512, 2.2512,
 2.2512, 2.2512, 2.2512, 2.2512, 2.2512, 2.2512, 2.2512, 2.2512, 2.2512, 2.2512, 2.2512, 2.2512]

Bypass Diode Voltages (V):
[ -3.0351, -10.0063,  -4.031 ]

Bypass Diode Currents (A):
[-1.5999e-09, -1.6000e-09, -1.6001e-09]

------------------------------------------------------------

--- Test 39 | Target Voltage: 17.5217 V ---
Total Panel Voltage : 17.5217 V
Total Panel Current : 2.2511 A
Total Power         : 39.4440 W

Cell Voltages (V):
[ 0.6254,  0.6254,  0.6254,  0.6254,  0.6254, -0.3359, -0.3359, -0.3359, -0.3359, -0.3359, -0.3359,
 -0.3359,  0.6254,  0.6254,  0.6254,  0.6254,  0.6254,  0.6254,  0.6254,  0.6254,  0.6254,  0.6254,
  0.6254,  0.6254,  0.6254,  0.6254,  0.6254,  0.6254,  0.6254,  0.6254,  0.6254,  0.6254,  0.6254,
  0.6254,  0.6254,  0.6254,  0.6254,  0.6254,  0.6254,  0.6254,  0.6254,  0.6254, -0.3359, -0.3359,
 -0.3359, -0.3359, -0.3359, -0.3359]

Cell Currents (A):
[2.2511, 2.2511, 2.2511, 2.2511, 2.2511, 2.2511, 2.2511, 2.2511, 2.2511, 2.2511, 2.2511, 2.2511,
 2.2511, 2.2511, 2.2511, 2.2511, 2.2511, 2.2511, 2.2511, 2.2511, 2.2511, 2.2511, 2.2511, 2.2511,
 2.2511, 2.2511, 2.2511, 2.2511, 2.2511, 2.2511, 2.2511, 2.2511, 2.2511, 2.2511, 2.2511, 2.2511,
 2.2511, 2.2511, 2.2511, 2.2511, 2.2511, 2.2511, 2.2511, 2.2511, 2.2511, 2.2511, 2.2511, 2.2511]

Bypass Diode Voltages (V):
[ -3.2771, -10.0063,  -4.2384]

Bypass Diode Currents (A):
[-1.5999e-09, -1.6000e-09, -1.6001e-09]

------------------------------------------------------------

--- Test 40 | Target Voltage: 17.9710 V ---
Total Panel Voltage : 17.9710 V
Total Panel Current : 2.2511 A
Total Power         : 40.4547 W

Cell Voltages (V):
[ 0.6254,  0.6254,  0.6254,  0.6254,  0.6254, -0.3014, -0.3014, -0.3014, -0.3014, -0.3014, -0.3014,
 -0.3014,  0.6254,  0.6254,  0.6254,  0.6254,  0.6254,  0.6254,  0.6254,  0.6254,  0.6254,  0.6254,
  0.6254,  0.6254,  0.6254,  0.6254,  0.6254,  0.6254,  0.6254,  0.6254,  0.6254,  0.6254,  0.6254,
  0.6254,  0.6254,  0.6254,  0.6254,  0.6254,  0.6254,  0.6254,  0.6254,  0.6254, -0.3014, -0.3014,
 -0.3014, -0.3014, -0.3014, -0.3014]

Cell Currents (A):
[2.2511, 2.2511, 2.2511, 2.2511, 2.2511, 2.2511, 2.2511, 2.2511, 2.2511, 2.2511, 2.2511, 2.2511,
 2.2511, 2.2511, 2.2511, 2.2511, 2.2511, 2.2511, 2.2511, 2.2511, 2.2511, 2.2511, 2.2511, 2.2511,
 2.2511, 2.2511, 2.2511, 2.2511, 2.2511, 2.2511, 2.2511, 2.2511, 2.2511, 2.2511, 2.2511, 2.2511,
 2.2511, 2.2511, 2.2511, 2.2511, 2.2511, 2.2511, 2.2511, 2.2511, 2.2511, 2.2511, 2.2511, 2.2511]

Bypass Diode Voltages (V):
[ -3.519 , -10.0063,  -4.4457]

Bypass Diode Currents (A):
[-1.5999e-09, -1.6000e-09, -1.6002e-09]

------------------------------------------------------------

--- Test 41 | Target Voltage: 18.4203 V ---
Total Panel Voltage : 18.4203 V
Total Panel Current : 2.2511 A
Total Power         : 41.4654 W

Cell Voltages (V):
[ 0.6254,  0.6254,  0.6254,  0.6254,  0.6254, -0.2668, -0.2668, -0.2668, -0.2668, -0.2668, -0.2668,
 -0.2668,  0.6254,  0.6254,  0.6254,  0.6254,  0.6254,  0.6254,  0.6254,  0.6254,  0.6254,  0.6254,
  0.6254,  0.6254,  0.6254,  0.6254,  0.6254,  0.6254,  0.6254,  0.6254,  0.6254,  0.6254,  0.6254,
  0.6254,  0.6254,  0.6254,  0.6254,  0.6254,  0.6254,  0.6254,  0.6254,  0.6254, -0.2668, -0.2668,
 -0.2668, -0.2668, -0.2668, -0.2668]

Cell Currents (A):
[2.2511, 2.2511, 2.2511, 2.2511, 2.2511, 2.2511, 2.2511, 2.2511, 2.2511, 2.2511, 2.2511, 2.2511,
 2.2511, 2.2511, 2.2511, 2.2511, 2.2511, 2.2511, 2.2511, 2.2511, 2.2511, 2.2511, 2.2511, 2.2511,
 2.2511, 2.2511, 2.2511, 2.2511, 2.2511, 2.2511, 2.2511, 2.2511, 2.2511, 2.2511, 2.2511, 2.2511,
 2.2511, 2.2511, 2.2511, 2.2511, 2.2511, 2.2511, 2.2511, 2.2511, 2.2511, 2.2511, 2.2511, 2.2511]

Bypass Diode Voltages (V):
[ -3.7609, -10.0063,  -4.6531]

Bypass Diode Currents (A):
[-1.5998e-09, -1.5999e-09, -1.6002e-09]

------------------------------------------------------------

--- Test 42 | Target Voltage: 18.8696 V ---
Total Panel Voltage : 18.8696 V
Total Panel Current : 2.2510 A
Total Power         : 42.4760 W

Cell Voltages (V):
[ 0.6254,  0.6254,  0.6254,  0.6254,  0.6254, -0.2322, -0.2322, -0.2322, -0.2322, -0.2322, -0.2322,
 -0.2322,  0.6254,  0.6254,  0.6254,  0.6254,  0.6254,  0.6254,  0.6254,  0.6254,  0.6254,  0.6254,
  0.6254,  0.6254,  0.6254,  0.6254,  0.6254,  0.6254,  0.6254,  0.6254,  0.6254,  0.6254,  0.6254,
  0.6254,  0.6254,  0.6254,  0.6254,  0.6254,  0.6254,  0.6254,  0.6254,  0.6254, -0.2322, -0.2322,
 -0.2322, -0.2322, -0.2322, -0.2322]

Cell Currents (A):
[2.251, 2.251, 2.251, 2.251, 2.251, 2.251, 2.251, 2.251, 2.251, 2.251, 2.251, 2.251, 2.251, 2.251,
 2.251, 2.251, 2.251, 2.251, 2.251, 2.251, 2.251, 2.251, 2.251, 2.251, 2.251, 2.251, 2.251, 2.251,
 2.251, 2.251, 2.251, 2.251, 2.251, 2.251, 2.251, 2.251, 2.251, 2.251, 2.251, 2.251, 2.251, 2.251,
 2.251, 2.251, 2.251, 2.251, 2.251, 2.251]

Bypass Diode Voltages (V):
[ -4.0028, -10.0063,  -4.8605]

Bypass Diode Currents (A):
[-1.5998e-09, -1.5999e-09, -1.6003e-09]

------------------------------------------------------------

--- Test 43 | Target Voltage: 19.3188 V ---
Total Panel Voltage : 19.3188 V
Total Panel Current : 2.2510 A
Total Power         : 43.4867 W

Cell Voltages (V):
[ 0.6254,  0.6254,  0.6254,  0.6254,  0.6254, -0.1977, -0.1977, -0.1977, -0.1977, -0.1977, -0.1977,
 -0.1977,  0.6254,  0.6254,  0.6254,  0.6254,  0.6254,  0.6254,  0.6254,  0.6254,  0.6254,  0.6254,
  0.6254,  0.6254,  0.6254,  0.6254,  0.6254,  0.6254,  0.6254,  0.6254,  0.6254,  0.6254,  0.6254,
  0.6254,  0.6254,  0.6254,  0.6254,  0.6254,  0.6254,  0.6254,  0.6254,  0.6254, -0.1977, -0.1977,
 -0.1977, -0.1977, -0.1977, -0.1977]

Cell Currents (A):
[2.251, 2.251, 2.251, 2.251, 2.251, 2.251, 2.251, 2.251, 2.251, 2.251, 2.251, 2.251, 2.251, 2.251,
 2.251, 2.251, 2.251, 2.251, 2.251, 2.251, 2.251, 2.251, 2.251, 2.251, 2.251, 2.251, 2.251, 2.251,
 2.251, 2.251, 2.251, 2.251, 2.251, 2.251, 2.251, 2.251, 2.251, 2.251, 2.251, 2.251, 2.251, 2.251,
 2.251, 2.251, 2.251, 2.251, 2.251, 2.251]

Bypass Diode Voltages (V):
[ -4.2447, -10.0063,  -5.0678]

Bypass Diode Currents (A):
[-1.6e-09, -1.6e-09, -1.6e-09]

------------------------------------------------------------

--- Test 44 | Target Voltage: 19.7681 V ---
Total Panel Voltage : 19.7681 V
Total Panel Current : 2.2510 A
Total Power         : 44.4972 W

Cell Voltages (V):
[ 0.6254,  0.6254,  0.6254,  0.6254,  0.6254, -0.1631, -0.1631, -0.1631, -0.1631, -0.1631, -0.1631,
 -0.1631,  0.6254,  0.6254,  0.6254,  0.6254,  0.6254,  0.6254,  0.6254,  0.6254,  0.6254,  0.6254,
  0.6254,  0.6254,  0.6254,  0.6254,  0.6254,  0.6254,  0.6254,  0.6254,  0.6254,  0.6254,  0.6254,
  0.6254,  0.6254,  0.6254,  0.6254,  0.6254,  0.6254,  0.6254,  0.6254,  0.6254, -0.1631, -0.1631,
 -0.1631, -0.1631, -0.1631, -0.1631]

Cell Currents (A):
[2.251, 2.251, 2.251, 2.251, 2.251, 2.251, 2.251, 2.251, 2.251, 2.251, 2.251, 2.251, 2.251, 2.251,
 2.251, 2.251, 2.251, 2.251, 2.251, 2.251, 2.251, 2.251, 2.251, 2.251, 2.251, 2.251, 2.251, 2.251,
 2.251, 2.251, 2.251, 2.251, 2.251, 2.251, 2.251, 2.251, 2.251, 2.251, 2.251, 2.251, 2.251, 2.251,
 2.251, 2.251, 2.251, 2.251, 2.251, 2.251]

Bypass Diode Voltages (V):
[ -4.4866, -10.0063,  -5.2752]

Bypass Diode Currents (A):
[-1.6e-09, -1.6e-09, -1.6e-09]

------------------------------------------------------------

--- Test 45 | Target Voltage: 20.2174 V ---
Total Panel Voltage : 20.2174 V
Total Panel Current : 2.2509 A
Total Power         : 45.5078 W

Cell Voltages (V):
[ 0.6254,  0.6254,  0.6254,  0.6254,  0.6254, -0.1286, -0.1286, -0.1286, -0.1286, -0.1286, -0.1286,
 -0.1286,  0.6254,  0.6254,  0.6254,  0.6254,  0.6254,  0.6254,  0.6254,  0.6254,  0.6254,  0.6254,
  0.6254,  0.6254,  0.6254,  0.6254,  0.6254,  0.6254,  0.6254,  0.6254,  0.6254,  0.6254,  0.6254,
  0.6254,  0.6254,  0.6254,  0.6254,  0.6254,  0.6254,  0.6254,  0.6254,  0.6254, -0.1286, -0.1286,
 -0.1286, -0.1286, -0.1286, -0.1286]

Cell Currents (A):
[2.2509, 2.2509, 2.2509, 2.2509, 2.2509, 2.2509, 2.2509, 2.2509, 2.2509, 2.2509, 2.2509, 2.2509,
 2.2509, 2.2509, 2.2509, 2.2509, 2.2509, 2.2509, 2.2509, 2.2509, 2.2509, 2.2509, 2.2509, 2.2509,
 2.2509, 2.2509, 2.2509, 2.2509, 2.2509, 2.2509, 2.2509, 2.2509, 2.2509, 2.2509, 2.2509, 2.2509,
 2.2509, 2.2509, 2.2509, 2.2509, 2.2509, 2.2509, 2.2509, 2.2509, 2.2509, 2.2509, 2.2509, 2.2509]

Bypass Diode Voltages (V):
[ -4.7286, -10.0063,  -5.4825]

Bypass Diode Currents (A):
[-1.6e-09, -1.6e-09, -1.6e-09]

------------------------------------------------------------

--- Test 46 | Target Voltage: 20.6667 V ---
Total Panel Voltage : 20.6667 V
Total Panel Current : 2.2509 A
Total Power         : 46.5183 W

Cell Voltages (V):
[ 0.6254,  0.6254,  0.6254,  0.6254,  0.6254, -0.094 , -0.094 , -0.094 , -0.094 , -0.094 , -0.094 ,
 -0.094 ,  0.6254,  0.6254,  0.6254,  0.6254,  0.6254,  0.6254,  0.6254,  0.6254,  0.6254,  0.6254,
  0.6254,  0.6254,  0.6254,  0.6254,  0.6254,  0.6254,  0.6254,  0.6254,  0.6254,  0.6254,  0.6254,
  0.6254,  0.6254,  0.6254,  0.6254,  0.6254,  0.6254,  0.6254,  0.6254,  0.6254, -0.094 , -0.094 ,
 -0.094 , -0.094 , -0.094 , -0.094 ]

Cell Currents (A):
[2.2509, 2.2509, 2.2509, 2.2509, 2.2509, 2.2509, 2.2509, 2.2509, 2.2509, 2.2509, 2.2509, 2.2509,
 2.2509, 2.2509, 2.2509, 2.2509, 2.2509, 2.2509, 2.2509, 2.2509, 2.2509, 2.2509, 2.2509, 2.2509,
 2.2509, 2.2509, 2.2509, 2.2509, 2.2509, 2.2509, 2.2509, 2.2509, 2.2509, 2.2509, 2.2509, 2.2509,
 2.2509, 2.2509, 2.2509, 2.2509, 2.2509, 2.2509, 2.2509, 2.2509, 2.2509, 2.2509, 2.2509, 2.2509]

Bypass Diode Voltages (V):
[ -4.9705, -10.0063,  -5.6899]

Bypass Diode Currents (A):
[-1.6e-09, -1.6e-09, -1.6e-09]

------------------------------------------------------------

--- Test 47 | Target Voltage: 21.1159 V ---
Total Panel Voltage : 21.1159 V
Total Panel Current : 2.2508 A
Total Power         : 47.5288 W

Cell Voltages (V):
[ 0.6254,  0.6254,  0.6254,  0.6254,  0.6254, -0.0595, -0.0595, -0.0595, -0.0595, -0.0595, -0.0595,
 -0.0595,  0.6254,  0.6254,  0.6254,  0.6254,  0.6254,  0.6254,  0.6254,  0.6254,  0.6254,  0.6254,
  0.6254,  0.6254,  0.6254,  0.6254,  0.6254,  0.6254,  0.6254,  0.6254,  0.6254,  0.6254,  0.6254,
  0.6254,  0.6254,  0.6254,  0.6254,  0.6254,  0.6254,  0.6254,  0.6254,  0.6254, -0.0595, -0.0595,
 -0.0595, -0.0595, -0.0595, -0.0595]

Cell Currents (A):
[2.2508, 2.2508, 2.2508, 2.2508, 2.2508, 2.2508, 2.2508, 2.2508, 2.2508, 2.2508, 2.2508, 2.2508,
 2.2508, 2.2508, 2.2508, 2.2508, 2.2508, 2.2508, 2.2508, 2.2508, 2.2508, 2.2508, 2.2508, 2.2508,
 2.2508, 2.2508, 2.2508, 2.2508, 2.2508, 2.2508, 2.2508, 2.2508, 2.2508, 2.2508, 2.2508, 2.2508,
 2.2508, 2.2508, 2.2508, 2.2508, 2.2508, 2.2508, 2.2508, 2.2508, 2.2508, 2.2508, 2.2508, 2.2508]

Bypass Diode Voltages (V):
[ -5.2124, -10.0063,  -5.8972]

Bypass Diode Currents (A):
[-1.6e-09, -1.6e-09, -1.6e-09]

------------------------------------------------------------

--- Test 48 | Target Voltage: 21.5652 V ---
Total Panel Voltage : 21.5652 V
Total Panel Current : 2.2508 A
Total Power         : 48.5393 W

Cell Voltages (V):
[ 0.6254,  0.6254,  0.6254,  0.6254,  0.6254, -0.0249, -0.0249, -0.0249, -0.0249, -0.0249, -0.0249,
 -0.0249,  0.6254,  0.6254,  0.6254,  0.6254,  0.6254,  0.6254,  0.6254,  0.6254,  0.6254,  0.6254,
  0.6254,  0.6254,  0.6254,  0.6254,  0.6254,  0.6254,  0.6254,  0.6254,  0.6254,  0.6254,  0.6254,
  0.6254,  0.6254,  0.6254,  0.6254,  0.6254,  0.6254,  0.6254,  0.6254,  0.6254, -0.0249, -0.0249,
 -0.0249, -0.0249, -0.0249, -0.0249]

Cell Currents (A):
[2.2508, 2.2508, 2.2508, 2.2508, 2.2508, 2.2508, 2.2508, 2.2508, 2.2508, 2.2508, 2.2508, 2.2508,
 2.2508, 2.2508, 2.2508, 2.2508, 2.2508, 2.2508, 2.2508, 2.2508, 2.2508, 2.2508, 2.2508, 2.2508,
 2.2508, 2.2508, 2.2508, 2.2508, 2.2508, 2.2508, 2.2508, 2.2508, 2.2508, 2.2508, 2.2508, 2.2508,
 2.2508, 2.2508, 2.2508, 2.2508, 2.2508, 2.2508, 2.2508, 2.2508, 2.2508, 2.2508, 2.2508, 2.2508]

Bypass Diode Voltages (V):
[ -5.4543, -10.0063,  -6.1046]

Bypass Diode Currents (A):
[-1.6e-09, -1.6e-09, -1.6e-09]

------------------------------------------------------------

--- Test 49 | Target Voltage: 22.0145 V ---
Total Panel Voltage : 22.0145 V
Total Panel Current : 2.2508 A
Total Power         : 49.5497 W

Cell Voltages (V):
[0.6254, 0.6254, 0.6254, 0.6254, 0.6254, 0.0097, 0.0097, 0.0097, 0.0097, 0.0097, 0.0097, 0.0097,
 0.6254, 0.6254, 0.6254, 0.6254, 0.6254, 0.6254, 0.6254, 0.6254, 0.6254, 0.6254, 0.6254, 0.6254,
 0.6254, 0.6254, 0.6254, 0.6254, 0.6254, 0.6254, 0.6254, 0.6254, 0.6254, 0.6254, 0.6254, 0.6254,
 0.6254, 0.6254, 0.6254, 0.6254, 0.6254, 0.6254, 0.0097, 0.0097, 0.0097, 0.0097, 0.0097, 0.0097]

Cell Currents (A):
[2.2508, 2.2508, 2.2508, 2.2508, 2.2508, 2.2508, 2.2508, 2.2508, 2.2508, 2.2508, 2.2508, 2.2508,
 2.2508, 2.2508, 2.2508, 2.2508, 2.2508, 2.2508, 2.2508, 2.2508, 2.2508, 2.2508, 2.2508, 2.2508,
 2.2508, 2.2508, 2.2508, 2.2508, 2.2508, 2.2508, 2.2508, 2.2508, 2.2508, 2.2508, 2.2508, 2.2508,
 2.2508, 2.2508, 2.2508, 2.2508, 2.2508, 2.2508, 2.2508, 2.2508, 2.2508, 2.2508, 2.2508, 2.2508]

Bypass Diode Voltages (V):
[ -5.6962, -10.0063,  -6.3119]

Bypass Diode Currents (A):
[-1.6e-09, -1.6e-09, -1.6e-09]

------------------------------------------------------------

--- Test 50 | Target Voltage: 22.4638 V ---
Total Panel Voltage : 22.4638 V
Total Panel Current : 2.2507 A
Total Power         : 50.5601 W

Cell Voltages (V):
[0.6254, 0.6254, 0.6254, 0.6254, 0.6254, 0.0442, 0.0442, 0.0442, 0.0442, 0.0442, 0.0442, 0.0442,
 0.6254, 0.6254, 0.6254, 0.6254, 0.6254, 0.6254, 0.6254, 0.6254, 0.6254, 0.6254, 0.6254, 0.6254,
 0.6254, 0.6254, 0.6254, 0.6254, 0.6254, 0.6254, 0.6254, 0.6254, 0.6254, 0.6254, 0.6254, 0.6254,
 0.6254, 0.6254, 0.6254, 0.6254, 0.6254, 0.6254, 0.0442, 0.0442, 0.0442, 0.0442, 0.0442, 0.0442]

Cell Currents (A):
[2.2507, 2.2507, 2.2507, 2.2507, 2.2507, 2.2507, 2.2507, 2.2507, 2.2507, 2.2507, 2.2507, 2.2507,
 2.2507, 2.2507, 2.2507, 2.2507, 2.2507, 2.2507, 2.2507, 2.2507, 2.2507, 2.2507, 2.2507, 2.2507,
 2.2507, 2.2507, 2.2507, 2.2507, 2.2507, 2.2507, 2.2507, 2.2507, 2.2507, 2.2507, 2.2507, 2.2507,
 2.2507, 2.2507, 2.2507, 2.2507, 2.2507, 2.2507, 2.2507, 2.2507, 2.2507, 2.2507, 2.2507, 2.2507]

Bypass Diode Voltages (V):
[ -5.9381, -10.0063,  -6.5193]

Bypass Diode Currents (A):
[-1.6e-09, -1.6e-09, -1.6e-09]

------------------------------------------------------------

--- Test 51 | Target Voltage: 22.9130 V ---
Total Panel Voltage : 22.9130 V
Total Panel Current : 2.2507 A
Total Power         : 51.5704 W

Cell Voltages (V):
[0.6254, 0.6254, 0.6254, 0.6254, 0.6254, 0.0788, 0.0788, 0.0788, 0.0788, 0.0788, 0.0788, 0.0788,
 0.6254, 0.6254, 0.6254, 0.6254, 0.6254, 0.6254, 0.6254, 0.6254, 0.6254, 0.6254, 0.6254, 0.6254,
 0.6254, 0.6254, 0.6254, 0.6254, 0.6254, 0.6254, 0.6254, 0.6254, 0.6254, 0.6254, 0.6254, 0.6254,
 0.6254, 0.6254, 0.6254, 0.6254, 0.6254, 0.6254, 0.0788, 0.0788, 0.0788, 0.0788, 0.0788, 0.0788]

Cell Currents (A):
[2.2507, 2.2507, 2.2507, 2.2507, 2.2507, 2.2507, 2.2507, 2.2507, 2.2507, 2.2507, 2.2507, 2.2507,
 2.2507, 2.2507, 2.2507, 2.2507, 2.2507, 2.2507, 2.2507, 2.2507, 2.2507, 2.2507, 2.2507, 2.2507,
 2.2507, 2.2507, 2.2507, 2.2507, 2.2507, 2.2507, 2.2507, 2.2507, 2.2507, 2.2507, 2.2507, 2.2507,
 2.2507, 2.2507, 2.2507, 2.2507, 2.2507, 2.2507, 2.2507, 2.2507, 2.2507, 2.2507, 2.2507, 2.2507]

Bypass Diode Voltages (V):
[ -6.18  , -10.0064,  -6.7267]

Bypass Diode Currents (A):
[-1.6e-09, -1.6e-09, -1.6e-09]

------------------------------------------------------------

--- Test 52 | Target Voltage: 23.3623 V ---
Total Panel Voltage : 23.3623 V
Total Panel Current : 2.2507 A
Total Power         : 52.5807 W

Cell Voltages (V):
[0.6254, 0.6254, 0.6254, 0.6254, 0.6254, 0.1133, 0.1133, 0.1133, 0.1133, 0.1133, 0.1133, 0.1133,
 0.6254, 0.6254, 0.6254, 0.6254, 0.6254, 0.6254, 0.6254, 0.6254, 0.6254, 0.6254, 0.6254, 0.6254,
 0.6254, 0.6254, 0.6254, 0.6254, 0.6254, 0.6254, 0.6254, 0.6254, 0.6254, 0.6254, 0.6254, 0.6254,
 0.6254, 0.6254, 0.6254, 0.6254, 0.6254, 0.6254, 0.1133, 0.1133, 0.1133, 0.1133, 0.1133, 0.1133]

Cell Currents (A):
[2.2507, 2.2507, 2.2507, 2.2507, 2.2507, 2.2507, 2.2507, 2.2507, 2.2507, 2.2507, 2.2507, 2.2507,
 2.2507, 2.2507, 2.2507, 2.2507, 2.2507, 2.2507, 2.2507, 2.2507, 2.2507, 2.2507, 2.2507, 2.2507,
 2.2507, 2.2507, 2.2507, 2.2507, 2.2507, 2.2507, 2.2507, 2.2507, 2.2507, 2.2507, 2.2507, 2.2507,
 2.2507, 2.2507, 2.2507, 2.2507, 2.2507, 2.2507, 2.2507, 2.2507, 2.2507, 2.2507, 2.2507, 2.2507]

Bypass Diode Voltages (V):
[ -6.422 , -10.0064,  -6.934 ]

Bypass Diode Currents (A):
[-1.6e-09, -1.6e-09, -1.6e-09]

------------------------------------------------------------

--- Test 53 | Target Voltage: 23.8116 V ---
Total Panel Voltage : 23.8116 V
Total Panel Current : 2.2506 A
Total Power         : 53.5910 W

Cell Voltages (V):
[0.6254, 0.6254, 0.6254, 0.6254, 0.6254, 0.1479, 0.1479, 0.1479, 0.1479, 0.1479, 0.1479, 0.1479,
 0.6254, 0.6254, 0.6254, 0.6254, 0.6254, 0.6254, 0.6254, 0.6254, 0.6254, 0.6254, 0.6254, 0.6254,
 0.6254, 0.6254, 0.6254, 0.6254, 0.6254, 0.6254, 0.6254, 0.6254, 0.6254, 0.6254, 0.6254, 0.6254,
 0.6254, 0.6254, 0.6254, 0.6254, 0.6254, 0.6254, 0.1479, 0.1479, 0.1479, 0.1479, 0.1479, 0.1479]

Cell Currents (A):
[2.2506, 2.2506, 2.2506, 2.2506, 2.2506, 2.2506, 2.2506, 2.2506, 2.2506, 2.2506, 2.2506, 2.2506,
 2.2506, 2.2506, 2.2506, 2.2506, 2.2506, 2.2506, 2.2506, 2.2506, 2.2506, 2.2506, 2.2506, 2.2506,
 2.2506, 2.2506, 2.2506, 2.2506, 2.2506, 2.2506, 2.2506, 2.2506, 2.2506, 2.2506, 2.2506, 2.2506,
 2.2506, 2.2506, 2.2506, 2.2506, 2.2506, 2.2506, 2.2506, 2.2506, 2.2506, 2.2506, 2.2506, 2.2506]

Bypass Diode Voltages (V):
[ -6.6639, -10.0064,  -7.1414]

Bypass Diode Currents (A):
[-1.6e-09, -1.6e-09, -1.6e-09]

------------------------------------------------------------

--- Test 54 | Target Voltage: 24.2609 V ---
Total Panel Voltage : 24.2609 V
Total Panel Current : 2.2506 A
Total Power         : 54.6013 W

Cell Voltages (V):
[0.6254, 0.6254, 0.6254, 0.6254, 0.6254, 0.1825, 0.1825, 0.1825, 0.1825, 0.1825, 0.1825, 0.1825,
 0.6254, 0.6254, 0.6254, 0.6254, 0.6254, 0.6254, 0.6254, 0.6254, 0.6254, 0.6254, 0.6254, 0.6254,
 0.6254, 0.6254, 0.6254, 0.6254, 0.6254, 0.6254, 0.6254, 0.6254, 0.6254, 0.6254, 0.6254, 0.6254,
 0.6254, 0.6254, 0.6254, 0.6254, 0.6254, 0.6254, 0.1825, 0.1825, 0.1825, 0.1825, 0.1825, 0.1825]

Cell Currents (A):
[2.2506, 2.2506, 2.2506, 2.2506, 2.2506, 2.2506, 2.2506, 2.2506, 2.2506, 2.2506, 2.2506, 2.2506,
 2.2506, 2.2506, 2.2506, 2.2506, 2.2506, 2.2506, 2.2506, 2.2506, 2.2506, 2.2506, 2.2506, 2.2506,
 2.2506, 2.2506, 2.2506, 2.2506, 2.2506, 2.2506, 2.2506, 2.2506, 2.2506, 2.2506, 2.2506, 2.2506,
 2.2506, 2.2506, 2.2506, 2.2506, 2.2506, 2.2506, 2.2506, 2.2506, 2.2506, 2.2506, 2.2506, 2.2506]

Bypass Diode Voltages (V):
[ -6.9058, -10.0064,  -7.3487]

Bypass Diode Currents (A):
[-1.6e-09, -1.6e-09, -1.6e-09]

------------------------------------------------------------

--- Test 55 | Target Voltage: 24.7101 V ---
Total Panel Voltage : 24.7101 V
Total Panel Current : 2.2506 A
Total Power         : 55.6115 W

Cell Voltages (V):
[0.6254, 0.6254, 0.6254, 0.6254, 0.6254, 0.217 , 0.217 , 0.217 , 0.217 , 0.217 , 0.217 , 0.217 ,
 0.6254, 0.6254, 0.6254, 0.6254, 0.6254, 0.6254, 0.6254, 0.6254, 0.6254, 0.6254, 0.6254, 0.6254,
 0.6254, 0.6254, 0.6254, 0.6254, 0.6254, 0.6254, 0.6254, 0.6254, 0.6254, 0.6254, 0.6254, 0.6254,
 0.6254, 0.6254, 0.6254, 0.6254, 0.6254, 0.6254, 0.217 , 0.217 , 0.217 , 0.217 , 0.217 , 0.217 ]

Cell Currents (A):
[2.2506, 2.2506, 2.2506, 2.2506, 2.2506, 2.2506, 2.2506, 2.2506, 2.2506, 2.2506, 2.2506, 2.2506,
 2.2506, 2.2506, 2.2506, 2.2506, 2.2506, 2.2506, 2.2506, 2.2506, 2.2506, 2.2506, 2.2506, 2.2506,
 2.2506, 2.2506, 2.2506, 2.2506, 2.2506, 2.2506, 2.2506, 2.2506, 2.2506, 2.2506, 2.2506, 2.2506,
 2.2506, 2.2506, 2.2506, 2.2506, 2.2506, 2.2506, 2.2506, 2.2506, 2.2506, 2.2506, 2.2506, 2.2506]

Bypass Diode Voltages (V):
[ -7.1477, -10.0064,  -7.5561]

Bypass Diode Currents (A):
[-1.6e-09, -1.6e-09, -1.6e-09]

------------------------------------------------------------

--- Test 56 | Target Voltage: 25.1594 V ---
Total Panel Voltage : 25.1594 V
Total Panel Current : 2.2505 A
Total Power         : 56.6216 W

Cell Voltages (V):
[0.6254, 0.6254, 0.6254, 0.6254, 0.6254, 0.2516, 0.2516, 0.2516, 0.2516, 0.2516, 0.2516, 0.2516,
 0.6254, 0.6254, 0.6254, 0.6254, 0.6254, 0.6254, 0.6254, 0.6254, 0.6254, 0.6254, 0.6254, 0.6254,
 0.6254, 0.6254, 0.6254, 0.6254, 0.6254, 0.6254, 0.6254, 0.6254, 0.6254, 0.6254, 0.6254, 0.6254,
 0.6254, 0.6254, 0.6254, 0.6254, 0.6254, 0.6254, 0.2516, 0.2516, 0.2516, 0.2516, 0.2516, 0.2516]

Cell Currents (A):
[2.2505, 2.2505, 2.2505, 2.2505, 2.2505, 2.2505, 2.2505, 2.2505, 2.2505, 2.2505, 2.2505, 2.2505,
 2.2505, 2.2505, 2.2505, 2.2505, 2.2505, 2.2505, 2.2505, 2.2505, 2.2505, 2.2505, 2.2505, 2.2505,
 2.2505, 2.2505, 2.2505, 2.2505, 2.2505, 2.2505, 2.2505, 2.2505, 2.2505, 2.2505, 2.2505, 2.2505,
 2.2505, 2.2505, 2.2505, 2.2505, 2.2505, 2.2505, 2.2505, 2.2505, 2.2505, 2.2505, 2.2505, 2.2505]

Bypass Diode Voltages (V):
[ -7.3896, -10.0064,  -7.7634]

Bypass Diode Currents (A):
[-1.6e-09, -1.6e-09, -1.6e-09]

------------------------------------------------------------

--- Test 57 | Target Voltage: 25.6087 V ---
Total Panel Voltage : 25.6087 V
Total Panel Current : 2.2505 A
Total Power         : 57.6313 W

Cell Voltages (V):
[0.6254, 0.6254, 0.6254, 0.6254, 0.6254, 0.2861, 0.2861, 0.2861, 0.2861, 0.2861, 0.2861, 0.2861,
 0.6254, 0.6254, 0.6254, 0.6254, 0.6254, 0.6254, 0.6254, 0.6254, 0.6254, 0.6254, 0.6254, 0.6254,
 0.6254, 0.6254, 0.6254, 0.6254, 0.6254, 0.6254, 0.6254, 0.6254, 0.6254, 0.6254, 0.6254, 0.6254,
 0.6254, 0.6254, 0.6254, 0.6254, 0.6254, 0.6254, 0.2861, 0.2861, 0.2861, 0.2861, 0.2861, 0.2861]

Cell Currents (A):
[2.2505, 2.2505, 2.2505, 2.2505, 2.2505, 2.2505, 2.2505, 2.2505, 2.2505, 2.2505, 2.2505, 2.2505,
 2.2505, 2.2505, 2.2505, 2.2505, 2.2505, 2.2505, 2.2505, 2.2505, 2.2505, 2.2505, 2.2505, 2.2505,
 2.2505, 2.2505, 2.2505, 2.2505, 2.2505, 2.2505, 2.2505, 2.2505, 2.2505, 2.2505, 2.2505, 2.2505,
 2.2505, 2.2505, 2.2505, 2.2505, 2.2505, 2.2505, 2.2505, 2.2505, 2.2505, 2.2505, 2.2505, 2.2505]

Bypass Diode Voltages (V):
[ -7.6315, -10.0064,  -7.9708]

Bypass Diode Currents (A):
[-1.6e-09, -1.6e-09, -1.6e-09]

------------------------------------------------------------

--- Test 58 | Target Voltage: 26.0580 V ---
Total Panel Voltage : 26.0580 V
Total Panel Current : 2.2504 A
Total Power         : 58.6401 W

Cell Voltages (V):
[0.6254, 0.6254, 0.6254, 0.6254, 0.6254, 0.3207, 0.3207, 0.3207, 0.3207, 0.3207, 0.3207, 0.3207,
 0.6254, 0.6254, 0.6254, 0.6254, 0.6254, 0.6254, 0.6254, 0.6254, 0.6254, 0.6254, 0.6254, 0.6254,
 0.6254, 0.6254, 0.6254, 0.6254, 0.6254, 0.6254, 0.6254, 0.6254, 0.6254, 0.6254, 0.6254, 0.6254,
 0.6254, 0.6254, 0.6254, 0.6254, 0.6254, 0.6254, 0.3207, 0.3207, 0.3207, 0.3207, 0.3207, 0.3207]

Cell Currents (A):
[2.2504, 2.2504, 2.2504, 2.2504, 2.2504, 2.2504, 2.2504, 2.2504, 2.2504, 2.2504, 2.2504, 2.2504,
 2.2504, 2.2504, 2.2504, 2.2504, 2.2504, 2.2504, 2.2504, 2.2504, 2.2504, 2.2504, 2.2504, 2.2504,
 2.2504, 2.2504, 2.2504, 2.2504, 2.2504, 2.2504, 2.2504, 2.2504, 2.2504, 2.2504, 2.2504, 2.2504,
 2.2504, 2.2504, 2.2504, 2.2504, 2.2504, 2.2504, 2.2504, 2.2504, 2.2504, 2.2504, 2.2504, 2.2504]

Bypass Diode Voltages (V):
[ -7.8734, -10.0064,  -8.1781]

Bypass Diode Currents (A):
[-1.6e-09, -1.6e-09, -1.6e-09]

------------------------------------------------------------

--- Test 59 | Target Voltage: 26.5072 V ---
Total Panel Voltage : 26.5072 V
Total Panel Current : 2.2501 A
Total Power         : 59.6451 W

Cell Voltages (V):
[0.6254, 0.6254, 0.6254, 0.6254, 0.6254, 0.3552, 0.3552, 0.3552, 0.3552, 0.3552, 0.3552, 0.3552,
 0.6254, 0.6254, 0.6254, 0.6254, 0.6254, 0.6254, 0.6254, 0.6254, 0.6254, 0.6254, 0.6254, 0.6254,
 0.6254, 0.6254, 0.6254, 0.6254, 0.6254, 0.6254, 0.6254, 0.6254, 0.6254, 0.6254, 0.6254, 0.6254,
 0.6254, 0.6254, 0.6254, 0.6254, 0.6254, 0.6254, 0.3552, 0.3552, 0.3552, 0.3552, 0.3552, 0.3552]

Cell Currents (A):
[2.2501, 2.2501, 2.2501, 2.2501, 2.2501, 2.2501, 2.2501, 2.2501, 2.2501, 2.2501, 2.2501, 2.2501,
 2.2501, 2.2501, 2.2501, 2.2501, 2.2501, 2.2501, 2.2501, 2.2501, 2.2501, 2.2501, 2.2501, 2.2501,
 2.2501, 2.2501, 2.2501, 2.2501, 2.2501, 2.2501, 2.2501, 2.2501, 2.2501, 2.2501, 2.2501, 2.2501,
 2.2501, 2.2501, 2.2501, 2.2501, 2.2501, 2.2501, 2.2501, 2.2501, 2.2501, 2.2501, 2.2501, 2.2501]

Bypass Diode Voltages (V):
[ -8.1153, -10.0064,  -8.3855]

Bypass Diode Currents (A):
[-1.6e-09, -1.6e-09, -1.6e-09]

------------------------------------------------------------

--- Test 60 | Target Voltage: 26.9565 V ---
Total Panel Voltage : 26.9565 V
Total Panel Current : 2.2494 A
Total Power         : 60.6361 W

Cell Voltages (V):
[0.6254, 0.6254, 0.6254, 0.6254, 0.6254, 0.3898, 0.3898, 0.3898, 0.3898, 0.3898, 0.3898, 0.3898,
 0.6254, 0.6254, 0.6254, 0.6254, 0.6254, 0.6254, 0.6254, 0.6254, 0.6254, 0.6254, 0.6254, 0.6254,
 0.6254, 0.6254, 0.6254, 0.6254, 0.6254, 0.6254, 0.6254, 0.6254, 0.6254, 0.6254, 0.6254, 0.6254,
 0.6254, 0.6254, 0.6254, 0.6254, 0.6254, 0.6254, 0.3898, 0.3898, 0.3898, 0.3898, 0.3898, 0.3898]

Cell Currents (A):
[2.2494, 2.2494, 2.2494, 2.2494, 2.2494, 2.2494, 2.2494, 2.2494, 2.2494, 2.2494, 2.2494, 2.2494,
 2.2494, 2.2494, 2.2494, 2.2494, 2.2494, 2.2494, 2.2494, 2.2494, 2.2494, 2.2494, 2.2494, 2.2494,
 2.2494, 2.2494, 2.2494, 2.2494, 2.2494, 2.2494, 2.2494, 2.2494, 2.2494, 2.2494, 2.2494, 2.2494,
 2.2494, 2.2494, 2.2494, 2.2494, 2.2494, 2.2494, 2.2494, 2.2494, 2.2494, 2.2494, 2.2494, 2.2494]

Bypass Diode Voltages (V):
[ -8.3572, -10.0065,  -8.5928]

Bypass Diode Currents (A):
[-1.6e-09, -1.6e-09, -1.6e-09]

------------------------------------------------------------

--- Test 61 | Target Voltage: 27.4058 V ---
Total Panel Voltage : 27.4058 V
Total Panel Current : 2.2468 A
Total Power         : 61.5754 W

Cell Voltages (V):
[0.6254, 0.6254, 0.6254, 0.6254, 0.6254, 0.4243, 0.4243, 0.4243, 0.4243, 0.4243, 0.4243, 0.4243,
 0.6254, 0.6254, 0.6254, 0.6254, 0.6254, 0.6254, 0.6254, 0.6254, 0.6254, 0.6254, 0.6254, 0.6254,
 0.6254, 0.6254, 0.6254, 0.6254, 0.6254, 0.6254, 0.6254, 0.6254, 0.6254, 0.6254, 0.6254, 0.6254,
 0.6254, 0.6254, 0.6254, 0.6254, 0.6254, 0.6254, 0.4243, 0.4243, 0.4243, 0.4243, 0.4243, 0.4243]

Cell Currents (A):
[2.2468, 2.2468, 2.2468, 2.2468, 2.2468, 2.2468, 2.2468, 2.2468, 2.2468, 2.2468, 2.2468, 2.2468,
 2.2468, 2.2468, 2.2468, 2.2468, 2.2468, 2.2468, 2.2468, 2.2468, 2.2468, 2.2468, 2.2468, 2.2468,
 2.2468, 2.2468, 2.2468, 2.2468, 2.2468, 2.2468, 2.2468, 2.2468, 2.2468, 2.2468, 2.2468, 2.2468,
 2.2468, 2.2468, 2.2468, 2.2468, 2.2468, 2.2468, 2.2468, 2.2468, 2.2468, 2.2468, 2.2468, 2.2468]

Bypass Diode Voltages (V):
[ -8.5989, -10.0069,  -8.8   ]

Bypass Diode Currents (A):
[-1.6001e-09, -1.5999e-09, -1.6001e-09]

------------------------------------------------------------

--- Test 62 | Target Voltage: 27.8551 V ---
Total Panel Voltage : 27.8551 V
Total Panel Current : 2.2375 A
Total Power         : 62.3253 W

Cell Voltages (V):
[0.6255, 0.6255, 0.6255, 0.6255, 0.6255, 0.4586, 0.4586, 0.4586, 0.4586, 0.4586, 0.4586, 0.4586,
 0.6255, 0.6255, 0.6255, 0.6255, 0.6255, 0.6255, 0.6255, 0.6255, 0.6255, 0.6255, 0.6255, 0.6255,
 0.6255, 0.6255, 0.6255, 0.6255, 0.6255, 0.6255, 0.6255, 0.6255, 0.6255, 0.6255, 0.6255, 0.6255,
 0.6255, 0.6255, 0.6255, 0.6255, 0.6255, 0.6255, 0.4586, 0.4586, 0.4586, 0.4586, 0.4586, 0.4586]

Cell Currents (A):
[2.2375, 2.2375, 2.2375, 2.2375, 2.2375, 2.2375, 2.2375, 2.2375, 2.2375, 2.2375, 2.2375, 2.2375,
 2.2375, 2.2375, 2.2375, 2.2375, 2.2375, 2.2375, 2.2375, 2.2375, 2.2375, 2.2375, 2.2375, 2.2375,
 2.2375, 2.2375, 2.2375, 2.2375, 2.2375, 2.2375, 2.2375, 2.2375, 2.2375, 2.2375, 2.2375, 2.2375,
 2.2375, 2.2375, 2.2375, 2.2375, 2.2375, 2.2375, 2.2375, 2.2375, 2.2375, 2.2375, 2.2375, 2.2375]

Bypass Diode Voltages (V):
[ -8.84  , -10.0082,  -9.0069]

Bypass Diode Currents (A):
[-1.6004e-09, -1.5992e-09, -1.6004e-09]

------------------------------------------------------------

--- Test 63 | Target Voltage: 28.3043 V ---
Total Panel Voltage : 28.3043 V
Total Panel Current : 2.2049 A
Total Power         : 62.4080 W

Cell Voltages (V):
[0.6258, 0.6258, 0.6258, 0.6258, 0.6258, 0.4924, 0.4924, 0.4924, 0.4924, 0.4924, 0.4924, 0.4924,
 0.6258, 0.6258, 0.6258, 0.6258, 0.6258, 0.6258, 0.6258, 0.6258, 0.6258, 0.6258, 0.6258, 0.6258,
 0.6258, 0.6258, 0.6258, 0.6258, 0.6258, 0.6258, 0.6258, 0.6258, 0.6258, 0.6258, 0.6258, 0.6258,
 0.6258, 0.6258, 0.6258, 0.6258, 0.6258, 0.6258, 0.4924, 0.4924, 0.4924, 0.4924, 0.4924, 0.4924]

Cell Currents (A):
[2.2049, 2.2049, 2.2049, 2.2049, 2.2049, 2.2049, 2.2049, 2.2049, 2.2049, 2.2049, 2.2049, 2.2049,
 2.2049, 2.2049, 2.2049, 2.2049, 2.2049, 2.2049, 2.2049, 2.2049, 2.2049, 2.2049, 2.2049, 2.2049,
 2.2049, 2.2049, 2.2049, 2.2049, 2.2049, 2.2049, 2.2049, 2.2049, 2.2049, 2.2049, 2.2049, 2.2049,
 2.2049, 2.2049, 2.2049, 2.2049, 2.2049, 2.2049, 2.2049, 2.2049, 2.2049, 2.2049, 2.2049, 2.2049]

Bypass Diode Voltages (V):
[ -9.0791, -10.0127,  -9.2125]

Bypass Diode Currents (A):
[-1.6e-09, -1.6e-09, -1.6e-09]

------------------------------------------------------------

--- Test 64 | Target Voltage: 28.7536 V ---
Total Panel Voltage : 28.7536 V
Total Panel Current : 2.1010 A
Total Power         : 60.4119 W

Cell Voltages (V):
[0.6267, 0.6267, 0.6267, 0.6267, 0.6267, 0.5246, 0.5246, 0.5246, 0.5246, 0.5246, 0.5246, 0.5246,
 0.6267, 0.6267, 0.6267, 0.6267, 0.6267, 0.6267, 0.6267, 0.6267, 0.6267, 0.6267, 0.6267, 0.6267,
 0.6267, 0.6267, 0.6267, 0.6267, 0.6267, 0.6267, 0.6267, 0.6267, 0.6267, 0.6267, 0.6267, 0.6267,
 0.6267, 0.6267, 0.6267, 0.6267, 0.6267, 0.6267, 0.5246, 0.5246, 0.5246, 0.5246, 0.5246, 0.5246]

Cell Currents (A):
[2.101, 2.101, 2.101, 2.101, 2.101, 2.101, 2.101, 2.101, 2.101, 2.101, 2.101, 2.101, 2.101, 2.101,
 2.101, 2.101, 2.101, 2.101, 2.101, 2.101, 2.101, 2.101, 2.101, 2.101, 2.101, 2.101, 2.101, 2.101,
 2.101, 2.101, 2.101, 2.101, 2.101, 2.101, 2.101, 2.101, 2.101, 2.101, 2.101, 2.101, 2.101, 2.101,
 2.101, 2.101, 2.101, 2.101, 2.101, 2.101]

Bypass Diode Voltages (V):
[ -9.3123, -10.027 ,  -9.4144]

Bypass Diode Currents (A):
[-1.6e-09, -1.6e-09, -1.6e-09]

------------------------------------------------------------

--- Test 65 | Target Voltage: 29.2029 V ---
Total Panel Voltage : 29.2029 V
Total Panel Current : 1.8347 A
Total Power         : 53.5785 W

Cell Voltages (V):
[0.629, 0.629, 0.629, 0.629, 0.629, 0.553, 0.553, 0.553, 0.553, 0.553, 0.553, 0.553, 0.629, 0.629,
 0.629, 0.629, 0.629, 0.629, 0.629, 0.629, 0.629, 0.629, 0.629, 0.629, 0.629, 0.629, 0.629, 0.629,
 0.629, 0.629, 0.629, 0.629, 0.629, 0.629, 0.629, 0.629, 0.629, 0.629, 0.629, 0.629, 0.629, 0.629,
 0.553, 0.553, 0.553, 0.553, 0.553, 0.553]

Cell Currents (A):
[1.8347, 1.8347, 1.8347, 1.8347, 1.8347, 1.8347, 1.8347, 1.8347, 1.8347, 1.8347, 1.8347, 1.8347,
 1.8347, 1.8347, 1.8347, 1.8347, 1.8347, 1.8347, 1.8347, 1.8347, 1.8347, 1.8347, 1.8347, 1.8347,
 1.8347, 1.8347, 1.8347, 1.8347, 1.8347, 1.8347, 1.8347, 1.8347, 1.8347, 1.8347, 1.8347, 1.8347,
 1.8347, 1.8347, 1.8347, 1.8347, 1.8347, 1.8347, 1.8347, 1.8347, 1.8347, 1.8347, 1.8347, 1.8347]

Bypass Diode Voltages (V):
[ -9.5319, -10.0632,  -9.6078]

Bypass Diode Currents (A):
[-1.6e-09, -1.6e-09, -1.6e-09]

------------------------------------------------------------

--- Test 66 | Target Voltage: 29.6522 V ---
Total Panel Voltage : 29.6522 V
Total Panel Current : 1.3329 A
Total Power         : 39.5219 W

Cell Voltages (V):
[0.6331, 0.6331, 0.6331, 0.6331, 0.6331, 0.5764, 0.5764, 0.5764, 0.5764, 0.5764, 0.5764, 0.5764,
 0.6331, 0.6331, 0.6331, 0.6331, 0.6331, 0.6331, 0.6331, 0.6331, 0.6331, 0.6331, 0.6331, 0.6331,
 0.6331, 0.6331, 0.6331, 0.6331, 0.6331, 0.6331, 0.6331, 0.6331, 0.6331, 0.6331, 0.6331, 0.6331,
 0.6331, 0.6331, 0.6331, 0.6331, 0.6331, 0.6331, 0.5764, 0.5764, 0.5764, 0.5764, 0.5764, 0.5764]

Cell Currents (A):
[1.3329, 1.3329, 1.3329, 1.3329, 1.3329, 1.3329, 1.3329, 1.3329, 1.3329, 1.3329, 1.3329, 1.3329,
 1.3329, 1.3329, 1.3329, 1.3329, 1.3329, 1.3329, 1.3329, 1.3329, 1.3329, 1.3329, 1.3329, 1.3329,
 1.3329, 1.3329, 1.3329, 1.3329, 1.3329, 1.3329, 1.3329, 1.3329, 1.3329, 1.3329, 1.3329, 1.3329,
 1.3329, 1.3329, 1.3329, 1.3329, 1.3329, 1.3329, 1.3329, 1.3329, 1.3329, 1.3329, 1.3329, 1.3329]

Bypass Diode Voltages (V):
[ -9.7329, -10.1298,  -9.7896]

Bypass Diode Currents (A):
[-1.6e-09, -1.6e-09, -1.6e-09]

------------------------------------------------------------

--- Test 67 | Target Voltage: 30.1014 V ---
Total Panel Voltage : 30.1014 V
Total Panel Current : 0.6042 A
Total Power         : 18.1867 W

Cell Voltages (V):
[0.6389, 0.6389, 0.6389, 0.6389, 0.6389, 0.5953, 0.5953, 0.5953, 0.5953, 0.5953, 0.5953, 0.5953,
 0.6389, 0.6389, 0.6389, 0.6389, 0.6389, 0.6389, 0.6389, 0.6389, 0.6389, 0.6389, 0.6389, 0.6389,
 0.6389, 0.6389, 0.6389, 0.6389, 0.6389, 0.6389, 0.6389, 0.6389, 0.6389, 0.6389, 0.6389, 0.6389,
 0.6389, 0.6389, 0.6389, 0.6389, 0.6389, 0.6389, 0.5953, 0.5953, 0.5953, 0.5953, 0.5953, 0.5953]

Cell Currents (A):
[0.6042, 0.6042, 0.6042, 0.6042, 0.6042, 0.6042, 0.6042, 0.6042, 0.6042, 0.6042, 0.6042, 0.6042,
 0.6042, 0.6042, 0.6042, 0.6042, 0.6042, 0.6042, 0.6042, 0.6042, 0.6042, 0.6042, 0.6042, 0.6042,
 0.6042, 0.6042, 0.6042, 0.6042, 0.6042, 0.6042, 0.6042, 0.6042, 0.6042, 0.6042, 0.6042, 0.6042,
 0.6042, 0.6042, 0.6042, 0.6042, 0.6042, 0.6042, 0.6042, 0.6042, 0.6042, 0.6042, 0.6042, 0.6042]

Bypass Diode Voltages (V):
[ -9.9174, -10.2229,  -9.9611]

Bypass Diode Currents (A):
[-1.6e-09, -1.6e-09, -1.6e-09]

------------------------------------------------------------

--- Test 68 | Target Voltage: 30.5507 V ---
Total Panel Voltage : 30.4090 V
Total Panel Current : 0.0000 A
Total Power         : 0.0000 W

Cell Voltages (V):
[0.6436, 0.6436, 0.6436, 0.6436, 0.6436, 0.6064, 0.6064, 0.6064, 0.6064, 0.6064, 0.6064, 0.6064,
 0.6436, 0.6436, 0.6436, 0.6436, 0.6436, 0.6436, 0.6436, 0.6436, 0.6436, 0.6436, 0.6436, 0.6436,
 0.6436, 0.6436, 0.6436, 0.6436, 0.6436, 0.6436, 0.6436, 0.6436, 0.6436, 0.6436, 0.6436, 0.6436,
 0.6436, 0.6436, 0.6436, 0.6436, 0.6436, 0.6436, 0.6064, 0.6064, 0.6064, 0.6064, 0.6064, 0.6064]

Cell Currents (A):
[3.7657e-30, 2.6843e-16, 8.0508e-16, 5.9680e-16, 6.5100e-17, 1.7026e-16, 1.7535e-17, 6.3037e-18,
 8.4305e-18, 1.6231e-17, 2.9173e-17, 1.5339e-16, 7.5271e-17, 4.7755e-16, 6.6475e-16, 7.0973e-16,
 5.0841e-31, 3.7827e-16, 2.2570e-15, 3.5023e-15, 4.5232e-15, 5.4613e-15, 6.2746e-15, 7.1403e-15,
 7.8413e-15, 8.5197e-15, 9.0765e-15, 9.7257e-15, 1.0098e-14, 1.0441e-14, 1.0708e-14, 1.0802e-14,
 5.8454e-30, 2.6273e-16, 1.0015e-15, 1.1397e-15, 1.1243e-15, 1.0188e-15, 8.9167e-16, 7.0594e-16,
 4.0817e-16, 1.9404e-17, 8.1112e-17, 4.5539e-18, 2.4222e-18, 3.9194e-18, 1.3680e-18, 1.8845e-19]

Bypass Diode Voltages (V):
[-10.0371, -10.2976, -10.0743]

Bypass Diode Currents (A):
[2.8826e-06, 2.8826e-06, 2.8826e-06]

------------------------------------------------------------

--- Test 69 | Target Voltage: 31.0000 V ---
Total Panel Voltage : 30.4099 V
Total Panel Current : 0.0000 A
Total Power         : 0.0000 W

Cell Voltages (V):
[0.6436, 0.6436, 0.6436, 0.6436, 0.6436, 0.6064, 0.6064, 0.6064, 0.6064, 0.6064, 0.6064, 0.6064,
 0.6436, 0.6436, 0.6436, 0.6436, 0.6436, 0.6436, 0.6436, 0.6436, 0.6436, 0.6436, 0.6436, 0.6436,
 0.6436, 0.6436, 0.6436, 0.6436, 0.6436, 0.6436, 0.6436, 0.6436, 0.6436, 0.6436, 0.6436, 0.6436,
 0.6436, 0.6436, 0.6436, 0.6436, 0.6436, 0.6436, 0.6064, 0.6064, 0.6064, 0.6064, 0.6064, 0.6064]

Cell Currents (A):
[2.3208e-18, 2.8967e-18, 2.8967e-18, 2.8967e-18, 2.8967e-18, 4.3378e-16, 4.3378e-16, 4.3378e-16,
 4.3378e-16, 4.3378e-16, 4.3378e-16, 4.3378e-16, 2.8967e-18, 2.8967e-18, 2.8967e-18, 2.8967e-18,
 2.3194e-18, 2.8947e-18, 2.8947e-18, 2.8947e-18, 2.8947e-18, 2.8947e-18, 2.8947e-18, 2.8947e-18,
 2.8947e-18, 2.8947e-18, 2.8947e-18, 2.8947e-18, 2.8947e-18, 2.8947e-18, 2.8947e-18, 2.8947e-18,
 2.3206e-18, 2.8964e-18, 2.8964e-18, 2.8964e-18, 2.8964e-18, 2.8964e-18, 2.8964e-18, 2.8964e-18,
 2.8964e-18, 2.8964e-18, 4.3378e-16, 4.3378e-16, 4.3378e-16, 4.3378e-16, 4.3378e-16, 4.3378e-16]

Bypass Diode Voltages (V):
[-10.0376, -10.2976, -10.0747]

Bypass Diode Currents (A):
[4.3174e-07, 4.3174e-07, 4.3174e-07]

------------------------------------------------------------

