Detailed IV Simulation Results for: Profiling
============================================================

--- Test 0 | Target Voltage: 0.0000 V ---
Total Panel Voltage : -0.0000 V
Total Panel Current : 8.6829 A
Total Power         : -0.0000 W

Cell Voltages (V):
[ 0.6235,  0.6235,  0.6235,  0.6235,  0.6235,  0.6235, -1.1372, -1.1372, -1.1372, -1.1372, -1.1372,
 -1.1372,  0.6235,  0.6235,  0.6235,  0.6235,  0.0736,  0.0736,  0.0736,  0.0736,  0.0736,  0.0736,
  0.0736,  0.0736,  0.0736,  0.0736,  0.0736,  0.0736,  0.0736,  0.0736,  0.0736,  0.0736,  0.6235,
  0.6235,  0.6235,  0.6235,  0.6235,  0.6235,  0.6235,  0.6235,  0.6235,  0.6235,  0.6235, -1.4894,
 -1.4894, -1.4894, -1.4894, -1.4894]

Cell Currents (A):
[2.2324, 2.2324, 2.2324, 2.2324, 2.2324, 2.2324, 2.2324, 2.2324, 2.2324, 2.2324, 2.2324, 2.2324,
 2.2324, 2.2324, 2.2324, 2.2324, 8.6829, 8.6829, 8.6829, 8.6829, 8.6829, 8.6829, 8.6829, 8.6829,
 8.6829, 8.6829, 8.6829, 8.6829, 8.6829, 8.6829, 8.6829, 8.6829, 2.2328, 2.2328, 2.2328, 2.2328,
 2.2328, 2.2328, 2.2328, 2.2328, 2.2328, 2.2328, 2.2328, 2.2328, 2.2328, 2.2328, 2.2328, 2.2328]

Bypass Diode Voltages (V):
[ 0.5885, -1.177 ,  0.5885]

Bypass Diode Currents (A):
[ 6.4505e+00, -1.6001e-09,  6.4501e+00]

------------------------------------------------------------

--- Test 1 | Target Voltage: 0.4493 V ---
Total Panel Voltage : 0.4493 V
Total Panel Current : 8.6828 A
Total Power         : 3.9009 W

Cell Voltages (V):
[ 0.6235,  0.6235,  0.6235,  0.6235,  0.6235,  0.6235, -1.1372, -1.1372, -1.1372, -1.1372, -1.1372,
 -1.1372,  0.6235,  0.6235,  0.6235,  0.6235,  0.1016,  0.1016,  0.1016,  0.1016,  0.1016,  0.1016,
  0.1016,  0.1016,  0.1016,  0.1016,  0.1016,  0.1016,  0.1016,  0.1016,  0.1016,  0.1016,  0.6235,
  0.6235,  0.6235,  0.6235,  0.6235,  0.6235,  0.6235,  0.6235,  0.6235,  0.6235,  0.6235, -1.4894,
 -1.4894, -1.4894, -1.4894, -1.4894]

Cell Currents (A):
[2.2324, 2.2324, 2.2324, 2.2324, 2.2324, 2.2324, 2.2324, 2.2324, 2.2324, 2.2324, 2.2324, 2.2324,
 2.2324, 2.2324, 2.2324, 2.2324, 8.6828, 8.6828, 8.6828, 8.6828, 8.6828, 8.6828, 8.6828, 8.6828,
 8.6828, 8.6828, 8.6828, 8.6828, 8.6828, 8.6828, 8.6828, 8.6828, 2.2328, 2.2328, 2.2328, 2.2328,
 2.2328, 2.2328, 2.2328, 2.2328, 2.2328, 2.2328, 2.2328, 2.2328, 2.2328, 2.2328, 2.2328, 2.2328]

Bypass Diode Voltages (V):
[ 0.5885, -1.6263,  0.5885]

Bypass Diode Currents (A):
[ 6.4503e+00, -1.6000e-09,  6.4500e+00]

------------------------------------------------------------

--- Test 2 | Target Voltage: 0.8986 V ---
Total Panel Voltage : 0.8986 V
Total Panel Current : 8.6826 A
Total Power         : 7.8018 W

Cell Voltages (V):
[ 0.6235,  0.6235,  0.6235,  0.6235,  0.6235,  0.6235, -1.1372, -1.1372, -1.1372, -1.1372, -1.1372,
 -1.1372,  0.6235,  0.6235,  0.6235,  0.6235,  0.1297,  0.1297,  0.1297,  0.1297,  0.1297,  0.1297,
  0.1297,  0.1297,  0.1297,  0.1297,  0.1297,  0.1297,  0.1297,  0.1297,  0.1297,  0.1297,  0.6235,
  0.6235,  0.6235,  0.6235,  0.6235,  0.6235,  0.6235,  0.6235,  0.6235,  0.6235,  0.6235, -1.4894,
 -1.4894, -1.4894, -1.4894, -1.4894]

Cell Currents (A):
[2.2324, 2.2324, 2.2324, 2.2324, 2.2324, 2.2324, 2.2324, 2.2324, 2.2324, 2.2324, 2.2324, 2.2324,
 2.2324, 2.2324, 2.2324, 2.2324, 8.6826, 8.6826, 8.6826, 8.6826, 8.6826, 8.6826, 8.6826, 8.6826,
 8.6826, 8.6826, 8.6826, 8.6826, 8.6826, 8.6826, 8.6826, 8.6826, 2.2328, 2.2328, 2.2328, 2.2328,
 2.2328, 2.2328, 2.2328, 2.2328, 2.2328, 2.2328, 2.2328, 2.2328, 2.2328, 2.2328, 2.2328, 2.2328]

Bypass Diode Voltages (V):
[ 0.5885, -2.0756,  0.5885]

Bypass Diode Currents (A):
[ 6.4502e+00, -1.6000e-09,  6.4498e+00]

------------------------------------------------------------

--- Test 3 | Target Voltage: 1.3478 V ---
Total Panel Voltage : 1.3478 V
Total Panel Current : 8.6824 A
Total Power         : 11.7024 W

Cell Voltages (V):
[ 0.6235,  0.6235,  0.6235,  0.6235,  0.6235,  0.6235, -1.1372, -1.1372, -1.1372, -1.1372, -1.1372,
 -1.1372,  0.6235,  0.6235,  0.6235,  0.6235,  0.1578,  0.1578,  0.1578,  0.1578,  0.1578,  0.1578,
  0.1578,  0.1578,  0.1578,  0.1578,  0.1578,  0.1578,  0.1578,  0.1578,  0.1578,  0.1578,  0.6235,
  0.6235,  0.6235,  0.6235,  0.6235,  0.6235,  0.6235,  0.6235,  0.6235,  0.6235,  0.6235, -1.4894,
 -1.4894, -1.4894, -1.4894, -1.4894]

Cell Currents (A):
[2.2324, 2.2324, 2.2324, 2.2324, 2.2324, 2.2324, 2.2324, 2.2324, 2.2324, 2.2324, 2.2324, 2.2324,
 2.2324, 2.2324, 2.2324, 2.2324, 8.6824, 8.6824, 8.6824, 8.6824, 8.6824, 8.6824, 8.6824, 8.6824,
 8.6824, 8.6824, 8.6824, 8.6824, 8.6824, 8.6824, 8.6824, 8.6824, 2.2328, 2.2328, 2.2328, 2.2328,
 2.2328, 2.2328, 2.2328, 2.2328, 2.2328, 2.2328, 2.2328, 2.2328, 2.2328, 2.2328, 2.2328, 2.2328]

Bypass Diode Voltages (V):
[ 0.5885, -2.5248,  0.5885]

Bypass Diode Currents (A):
[ 6.4500e+00, -1.6000e-09,  6.4496e+00]

------------------------------------------------------------

--- Test 4 | Target Voltage: 1.7971 V ---
Total Panel Voltage : 1.7971 V
Total Panel Current : 8.6823 A
Total Power         : 15.6029 W

Cell Voltages (V):
[ 0.6235,  0.6235,  0.6235,  0.6235,  0.6235,  0.6235, -1.1372, -1.1372, -1.1372, -1.1372, -1.1372,
 -1.1372,  0.6235,  0.6235,  0.6235,  0.6235,  0.1859,  0.1859,  0.1859,  0.1859,  0.1859,  0.1859,
  0.1859,  0.1859,  0.1859,  0.1859,  0.1859,  0.1859,  0.1859,  0.1859,  0.1859,  0.1859,  0.6235,
  0.6235,  0.6235,  0.6235,  0.6235,  0.6235,  0.6235,  0.6235,  0.6235,  0.6235,  0.6235, -1.4894,
 -1.4894, -1.4894, -1.4894, -1.4894]

Cell Currents (A):
[2.2324, 2.2324, 2.2324, 2.2324, 2.2324, 2.2324, 2.2324, 2.2324, 2.2324, 2.2324, 2.2324, 2.2324,
 2.2324, 2.2324, 2.2324, 2.2324, 8.6823, 8.6823, 8.6823, 8.6823, 8.6823, 8.6823, 8.6823, 8.6823,
 8.6823, 8.6823, 8.6823, 8.6823, 8.6823, 8.6823, 8.6823, 8.6823, 2.2328, 2.2328, 2.2328, 2.2328,
 2.2328, 2.2328, 2.2328, 2.2328, 2.2328, 2.2328, 2.2328, 2.2328, 2.2328, 2.2328, 2.2328, 2.2328]

Bypass Diode Voltages (V):
[ 0.5885, -2.9741,  0.5885]

Bypass Diode Currents (A):
[ 6.4499e+00, -1.6000e-09,  6.4495e+00]

------------------------------------------------------------

--- Test 5 | Target Voltage: 2.2464 V ---
Total Panel Voltage : 2.2464 V
Total Panel Current : 8.6821 A
Total Power         : 19.5033 W

Cell Voltages (V):
[ 0.6235,  0.6235,  0.6235,  0.6235,  0.6235,  0.6235, -1.1372, -1.1372, -1.1372, -1.1372, -1.1372,
 -1.1372,  0.6235,  0.6235,  0.6235,  0.6235,  0.214 ,  0.214 ,  0.214 ,  0.214 ,  0.214 ,  0.214 ,
  0.214 ,  0.214 ,  0.214 ,  0.214 ,  0.214 ,  0.214 ,  0.214 ,  0.214 ,  0.214 ,  0.214 ,  0.6235,
  0.6235,  0.6235,  0.6235,  0.6235,  0.6235,  0.6235,  0.6235,  0.6235,  0.6235,  0.6235, -1.4894,
 -1.4894, -1.4894, -1.4894, -1.4894]

Cell Currents (A):
[2.2324, 2.2324, 2.2324, 2.2324, 2.2324, 2.2324, 2.2324, 2.2324, 2.2324, 2.2324, 2.2324, 2.2324,
 2.2324, 2.2324, 2.2324, 2.2324, 8.6821, 8.6821, 8.6821, 8.6821, 8.6821, 8.6821, 8.6821, 8.6821,
 8.6821, 8.6821, 8.6821, 8.6821, 8.6821, 8.6821, 8.6821, 8.6821, 2.2328, 2.2328, 2.2328, 2.2328,
 2.2328, 2.2328, 2.2328, 2.2328, 2.2328, 2.2328, 2.2328, 2.2328, 2.2328, 2.2328, 2.2328, 2.2328]

Bypass Diode Voltages (V):
[ 0.5885, -3.4234,  0.5885]

Bypass Diode Currents (A):
[ 6.4497e+00, -1.6000e-09,  6.4493e+00]

------------------------------------------------------------

--- Test 6 | Target Voltage: 2.6957 V ---
Total Panel Voltage : 2.6957 V
Total Panel Current : 8.6820 A
Total Power         : 23.4035 W

Cell Voltages (V):
[ 0.6235,  0.6235,  0.6235,  0.6235,  0.6235,  0.6235, -1.1372, -1.1372, -1.1372, -1.1372, -1.1372,
 -1.1372,  0.6235,  0.6235,  0.6235,  0.6235,  0.242 ,  0.242 ,  0.242 ,  0.242 ,  0.242 ,  0.242 ,
  0.242 ,  0.242 ,  0.242 ,  0.242 ,  0.242 ,  0.242 ,  0.242 ,  0.242 ,  0.242 ,  0.242 ,  0.6235,
  0.6235,  0.6235,  0.6235,  0.6235,  0.6235,  0.6235,  0.6235,  0.6235,  0.6235,  0.6235, -1.4894,
 -1.4894, -1.4894, -1.4894, -1.4894]

Cell Currents (A):
[2.2324, 2.2324, 2.2324, 2.2324, 2.2324, 2.2324, 2.2324, 2.2324, 2.2324, 2.2324, 2.2324, 2.2324,
 2.2324, 2.2324, 2.2324, 2.2324, 8.682 , 8.682 , 8.682 , 8.682 , 8.682 , 8.682 , 8.682 , 8.682 ,
 8.682 , 8.682 , 8.682 , 8.682 , 8.682 , 8.682 , 8.682 , 8.682 , 2.2328, 2.2328, 2.2328, 2.2328,
 2.2328, 2.2328, 2.2328, 2.2328, 2.2328, 2.2328, 2.2328, 2.2328, 2.2328, 2.2328, 2.2328, 2.2328]

Bypass Diode Voltages (V):
[ 0.5885, -3.8726,  0.5885]

Bypass Diode Currents (A):
[ 6.4495e+00, -1.6000e-09,  6.4492e+00]

------------------------------------------------------------

--- Test 7 | Target Voltage: 3.1449 V ---
Total Panel Voltage : 3.1449 V
Total Panel Current : 8.6818 A
Total Power         : 27.3036 W

Cell Voltages (V):
[ 0.6235,  0.6235,  0.6235,  0.6235,  0.6235,  0.6235, -1.1372, -1.1372, -1.1372, -1.1372, -1.1372,
 -1.1372,  0.6235,  0.6235,  0.6235,  0.6235,  0.2701,  0.2701,  0.2701,  0.2701,  0.2701,  0.2701,
  0.2701,  0.2701,  0.2701,  0.2701,  0.2701,  0.2701,  0.2701,  0.2701,  0.2701,  0.2701,  0.6235,
  0.6235,  0.6235,  0.6235,  0.6235,  0.6235,  0.6235,  0.6235,  0.6235,  0.6235,  0.6235, -1.4894,
 -1.4894, -1.4894, -1.4894, -1.4894]

Cell Currents (A):
[2.2324, 2.2324, 2.2324, 2.2324, 2.2324, 2.2324, 2.2324, 2.2324, 2.2324, 2.2324, 2.2324, 2.2324,
 2.2324, 2.2324, 2.2324, 2.2324, 8.6818, 8.6818, 8.6818, 8.6818, 8.6818, 8.6818, 8.6818, 8.6818,
 8.6818, 8.6818, 8.6818, 8.6818, 8.6818, 8.6818, 8.6818, 8.6818, 2.2328, 2.2328, 2.2328, 2.2328,
 2.2328, 2.2328, 2.2328, 2.2328, 2.2328, 2.2328, 2.2328, 2.2328, 2.2328, 2.2328, 2.2328, 2.2328]

Bypass Diode Voltages (V):
[ 0.5885, -4.3219,  0.5885]

Bypass Diode Currents (A):
[ 6.4494e+00, -1.6000e-09,  6.4490e+00]

------------------------------------------------------------

--- Test 8 | Target Voltage: 3.5942 V ---
Total Panel Voltage : 3.5942 V
Total Panel Current : 8.6816 A
Total Power         : 31.2033 W

Cell Voltages (V):
[ 0.6235,  0.6235,  0.6235,  0.6235,  0.6235,  0.6235, -1.1372, -1.1372, -1.1372, -1.1372, -1.1372,
 -1.1372,  0.6235,  0.6235,  0.6235,  0.6235,  0.2982,  0.2982,  0.2982,  0.2982,  0.2982,  0.2982,
  0.2982,  0.2982,  0.2982,  0.2982,  0.2982,  0.2982,  0.2982,  0.2982,  0.2982,  0.2982,  0.6235,
  0.6235,  0.6235,  0.6235,  0.6235,  0.6235,  0.6235,  0.6235,  0.6235,  0.6235,  0.6235, -1.4894,
 -1.4894, -1.4894, -1.4894, -1.4894]

Cell Currents (A):
[2.2324, 2.2324, 2.2324, 2.2324, 2.2324, 2.2324, 2.2324, 2.2324, 2.2324, 2.2324, 2.2324, 2.2324,
 2.2324, 2.2324, 2.2324, 2.2324, 8.6816, 8.6816, 8.6816, 8.6816, 8.6816, 8.6816, 8.6816, 8.6816,
 8.6816, 8.6816, 8.6816, 8.6816, 8.6816, 8.6816, 8.6816, 8.6816, 2.2328, 2.2328, 2.2328, 2.2328,
 2.2328, 2.2328, 2.2328, 2.2328, 2.2328, 2.2328, 2.2328, 2.2328, 2.2328, 2.2328, 2.2328, 2.2328]

Bypass Diode Voltages (V):
[ 0.5885, -4.7712,  0.5885]

Bypass Diode Currents (A):
[ 6.4491e+00, -1.6000e-09,  6.4488e+00]

------------------------------------------------------------

--- Test 9 | Target Voltage: 4.0435 V ---
Total Panel Voltage : 4.0435 V
Total Panel Current : 8.6812 A
Total Power         : 35.1023 W

Cell Voltages (V):
[ 0.6235,  0.6235,  0.6235,  0.6235,  0.6235,  0.6235, -1.1372, -1.1372, -1.1372, -1.1372, -1.1372,
 -1.1372,  0.6235,  0.6235,  0.6235,  0.6235,  0.3263,  0.3263,  0.3263,  0.3263,  0.3263,  0.3263,
  0.3263,  0.3263,  0.3263,  0.3263,  0.3263,  0.3263,  0.3263,  0.3263,  0.3263,  0.3263,  0.6235,
  0.6235,  0.6235,  0.6235,  0.6235,  0.6235,  0.6235,  0.6235,  0.6235,  0.6235,  0.6235, -1.4894,
 -1.4894, -1.4894, -1.4894, -1.4894]

Cell Currents (A):
[2.2324, 2.2324, 2.2324, 2.2324, 2.2324, 2.2324, 2.2324, 2.2324, 2.2324, 2.2324, 2.2324, 2.2324,
 2.2324, 2.2324, 2.2324, 2.2324, 8.6812, 8.6812, 8.6812, 8.6812, 8.6812, 8.6812, 8.6812, 8.6812,
 8.6812, 8.6812, 8.6812, 8.6812, 8.6812, 8.6812, 8.6812, 8.6812, 2.2328, 2.2328, 2.2328, 2.2328,
 2.2328, 2.2328, 2.2328, 2.2328, 2.2328, 2.2328, 2.2328, 2.2328, 2.2328, 2.2328, 2.2328, 2.2328]

Bypass Diode Voltages (V):
[ 0.5885, -5.2205,  0.5885]

Bypass Diode Currents (A):
[ 6.4488e+00, -1.6000e-09,  6.4484e+00]

------------------------------------------------------------

--- Test 10 | Target Voltage: 4.4928 V ---
Total Panel Voltage : 4.4928 V
Total Panel Current : 8.6805 A
Total Power         : 38.9995 W

Cell Voltages (V):
[ 0.6235,  0.6235,  0.6235,  0.6235,  0.6235,  0.6235, -1.1372, -1.1372, -1.1372, -1.1372, -1.1372,
 -1.1372,  0.6235,  0.6235,  0.6235,  0.6235,  0.3544,  0.3544,  0.3544,  0.3544,  0.3544,  0.3544,
  0.3544,  0.3544,  0.3544,  0.3544,  0.3544,  0.3544,  0.3544,  0.3544,  0.3544,  0.3544,  0.6235,
  0.6235,  0.6235,  0.6235,  0.6235,  0.6235,  0.6235,  0.6235,  0.6235,  0.6235,  0.6235, -1.4894,
 -1.4894, -1.4894, -1.4894, -1.4894]

Cell Currents (A):
[2.2324, 2.2324, 2.2324, 2.2324, 2.2324, 2.2324, 2.2324, 2.2324, 2.2324, 2.2324, 2.2324, 2.2324,
 2.2324, 2.2324, 2.2324, 2.2324, 8.6805, 8.6805, 8.6805, 8.6805, 8.6805, 8.6805, 8.6805, 8.6805,
 8.6805, 8.6805, 8.6805, 8.6805, 8.6805, 8.6805, 8.6805, 8.6805, 2.2328, 2.2328, 2.2328, 2.2328,
 2.2328, 2.2328, 2.2328, 2.2328, 2.2328, 2.2328, 2.2328, 2.2328, 2.2328, 2.2328, 2.2328, 2.2328]

Bypass Diode Voltages (V):
[ 0.5885, -5.6697,  0.5885]

Bypass Diode Currents (A):
[ 6.4481e+00, -1.6000e-09,  6.4478e+00]

------------------------------------------------------------

--- Test 11 | Target Voltage: 4.9420 V ---
Total Panel Voltage : 4.9420 V
Total Panel Current : 8.6789 A
Total Power         : 42.8913 W

Cell Voltages (V):
[ 0.6235,  0.6235,  0.6235,  0.6235,  0.6235,  0.6235, -1.1372, -1.1372, -1.1372, -1.1372, -1.1372,
 -1.1372,  0.6235,  0.6235,  0.6235,  0.6235,  0.3824,  0.3824,  0.3824,  0.3824,  0.3824,  0.3824,
  0.3824,  0.3824,  0.3824,  0.3824,  0.3824,  0.3824,  0.3824,  0.3824,  0.3824,  0.3824,  0.6235,
  0.6235,  0.6235,  0.6235,  0.6235,  0.6235,  0.6235,  0.6235,  0.6235,  0.6235,  0.6235, -1.4894,
 -1.4894, -1.4894, -1.4894, -1.4894]

Cell Currents (A):
[2.2324, 2.2324, 2.2324, 2.2324, 2.2324, 2.2324, 2.2324, 2.2324, 2.2324, 2.2324, 2.2324, 2.2324,
 2.2324, 2.2324, 2.2324, 2.2324, 8.6789, 8.6789, 8.6789, 8.6789, 8.6789, 8.6789, 8.6789, 8.6789,
 8.6789, 8.6789, 8.6789, 8.6789, 8.6789, 8.6789, 8.6789, 8.6789, 2.2328, 2.2328, 2.2328, 2.2328,
 2.2328, 2.2328, 2.2328, 2.2328, 2.2328, 2.2328, 2.2328, 2.2328, 2.2328, 2.2328, 2.2328, 2.2328]

Bypass Diode Voltages (V):
[ 0.5885, -6.119 ,  0.5885]

Bypass Diode Currents (A):
[ 6.4465e+00, -1.6001e-09,  6.4461e+00]

------------------------------------------------------------

--- Test 12 | Target Voltage: 5.3913 V ---
Total Panel Voltage : 5.3913 V
Total Panel Current : 8.6745 A
Total Power         : 46.7666 W

Cell Voltages (V):
[ 0.6235,  0.6235,  0.6235,  0.6235,  0.6235,  0.6235, -1.1372, -1.1372, -1.1372, -1.1372, -1.1372,
 -1.1372,  0.6235,  0.6235,  0.6235,  0.6235,  0.4105,  0.4105,  0.4105,  0.4105,  0.4105,  0.4105,
  0.4105,  0.4105,  0.4105,  0.4105,  0.4105,  0.4105,  0.4105,  0.4105,  0.4105,  0.4105,  0.6235,
  0.6235,  0.6235,  0.6235,  0.6235,  0.6235,  0.6235,  0.6235,  0.6235,  0.6235,  0.6235, -1.4894,
 -1.4894, -1.4894, -1.4894, -1.4894]

Cell Currents (A):
[2.2324, 2.2324, 2.2324, 2.2324, 2.2324, 2.2324, 2.2324, 2.2324, 2.2324, 2.2324, 2.2324, 2.2324,
 2.2324, 2.2324, 2.2324, 2.2324, 8.6745, 8.6745, 8.6745, 8.6745, 8.6745, 8.6745, 8.6745, 8.6745,
 8.6745, 8.6745, 8.6745, 8.6745, 8.6745, 8.6745, 8.6745, 8.6745, 2.2328, 2.2328, 2.2328, 2.2328,
 2.2328, 2.2328, 2.2328, 2.2328, 2.2328, 2.2328, 2.2328, 2.2328, 2.2328, 2.2328, 2.2328, 2.2328]

Bypass Diode Voltages (V):
[ 0.5885, -6.5682,  0.5885]

Bypass Diode Currents (A):
[ 6.4420e+00, -1.6004e-09,  6.4417e+00]

------------------------------------------------------------

--- Test 13 | Target Voltage: 5.8406 V ---
Total Panel Voltage : 5.8406 V
Total Panel Current : 8.6621 A
Total Power         : 50.5914 W

Cell Voltages (V):
[ 0.6235,  0.6235,  0.6235,  0.6235,  0.6235,  0.6235, -1.1372, -1.1372, -1.1372, -1.1372, -1.1372,
 -1.1372,  0.6235,  0.6235,  0.6235,  0.6235,  0.4386,  0.4386,  0.4386,  0.4386,  0.4386,  0.4386,
  0.4386,  0.4386,  0.4386,  0.4386,  0.4386,  0.4386,  0.4386,  0.4386,  0.4386,  0.4386,  0.6235,
  0.6235,  0.6235,  0.6235,  0.6235,  0.6235,  0.6235,  0.6235,  0.6235,  0.6235,  0.6235, -1.4894,
 -1.4894, -1.4894, -1.4894, -1.4894]

Cell Currents (A):
[2.2324, 2.2324, 2.2324, 2.2324, 2.2324, 2.2324, 2.2324, 2.2324, 2.2324, 2.2324, 2.2324, 2.2324,
 2.2324, 2.2324, 2.2324, 2.2324, 8.6621, 8.6621, 8.6621, 8.6621, 8.6621, 8.6621, 8.6621, 8.6621,
 8.6621, 8.6621, 8.6621, 8.6621, 8.6621, 8.6621, 8.6621, 8.6621, 2.2328, 2.2328, 2.2328, 2.2328,
 2.2328, 2.2328, 2.2328, 2.2328, 2.2328, 2.2328, 2.2328, 2.2328, 2.2328, 2.2328, 2.2328, 2.2328]

Bypass Diode Voltages (V):
[ 0.5884, -7.0174,  0.5884]

Bypass Diode Currents (A):
[ 6.4296e+00, -1.6018e-09,  6.4293e+00]

------------------------------------------------------------

--- Test 14 | Target Voltage: 6.2899 V ---
Total Panel Voltage : 6.2899 V
Total Panel Current : 8.6271 A
Total Power         : 54.2633 W

Cell Voltages (V):
[ 0.6235,  0.6235,  0.6235,  0.6235,  0.6235,  0.6235, -1.1372, -1.1372, -1.1372, -1.1372, -1.1372,
 -1.1372,  0.6235,  0.6235,  0.6235,  0.6235,  0.4666,  0.4666,  0.4666,  0.4666,  0.4666,  0.4666,
  0.4666,  0.4666,  0.4666,  0.4666,  0.4666,  0.4666,  0.4666,  0.4666,  0.4666,  0.4666,  0.6235,
  0.6235,  0.6235,  0.6235,  0.6235,  0.6235,  0.6235,  0.6235,  0.6235,  0.6235,  0.6235, -1.4893,
 -1.4893, -1.4893, -1.4893, -1.4893]

Cell Currents (A):
[2.2324, 2.2324, 2.2324, 2.2324, 2.2324, 2.2324, 2.2324, 2.2324, 2.2324, 2.2324, 2.2324, 2.2324,
 2.2324, 2.2324, 2.2324, 2.2324, 8.6271, 8.6271, 8.6271, 8.6271, 8.6271, 8.6271, 8.6271, 8.6271,
 8.6271, 8.6271, 8.6271, 8.6271, 8.6271, 8.6271, 8.6271, 8.6271, 2.2328, 2.2328, 2.2328, 2.2328,
 2.2328, 2.2328, 2.2328, 2.2328, 2.2328, 2.2328, 2.2328, 2.2328, 2.2328, 2.2328, 2.2328, 2.2328]

Bypass Diode Voltages (V):
[ 0.5883, -7.4664,  0.5883]

Bypass Diode Currents (A):
[ 6.3947e+00, -1.6090e-09,  6.3943e+00]

------------------------------------------------------------

--- Test 15 | Target Voltage: 6.7391 V ---
Total Panel Voltage : 6.7391 V
Total Panel Current : 8.5297 A
Total Power         : 57.4828 W

Cell Voltages (V):
[ 0.6235,  0.6235,  0.6235,  0.6235,  0.6235,  0.6235, -1.1371, -1.1371, -1.1371, -1.1371, -1.1371,
 -1.1371,  0.6235,  0.6235,  0.6235,  0.6235,  0.4947,  0.4947,  0.4947,  0.4947,  0.4947,  0.4947,
  0.4947,  0.4947,  0.4947,  0.4947,  0.4947,  0.4947,  0.4947,  0.4947,  0.4947,  0.4947,  0.6235,
  0.6235,  0.6235,  0.6235,  0.6235,  0.6235,  0.6235,  0.6235,  0.6235,  0.6235,  0.6235, -1.4893,
 -1.4893, -1.4893, -1.4893, -1.4893]

Cell Currents (A):
[2.2324, 2.2324, 2.2324, 2.2324, 2.2324, 2.2324, 2.2324, 2.2324, 2.2324, 2.2324, 2.2324, 2.2324,
 2.2324, 2.2324, 2.2324, 2.2324, 8.5297, 8.5297, 8.5297, 8.5297, 8.5297, 8.5297, 8.5297, 8.5297,
 8.5297, 8.5297, 8.5297, 8.5297, 8.5297, 8.5297, 8.5297, 8.5297, 2.2328, 2.2328, 2.2328, 2.2328,
 2.2328, 2.2328, 2.2328, 2.2328, 2.2328, 2.2328, 2.2328, 2.2328, 2.2328, 2.2328, 2.2328, 2.2328]

Bypass Diode Voltages (V):
[ 0.5879, -7.9149,  0.5879]

Bypass Diode Currents (A):
[ 6.2973e+00, -1.6439e-09,  6.2969e+00]

------------------------------------------------------------

--- Test 16 | Target Voltage: 7.1884 V ---
Total Panel Voltage : 7.1884 V
Total Panel Current : 8.2689 A
Total Power         : 59.4403 W

Cell Voltages (V):
[ 0.6235,  0.6235,  0.6235,  0.6235,  0.6235,  0.6235, -1.137 , -1.137 , -1.137 , -1.137 , -1.137 ,
 -1.137 ,  0.6235,  0.6235,  0.6235,  0.6235,  0.5226,  0.5226,  0.5226,  0.5226,  0.5226,  0.5226,
  0.5226,  0.5226,  0.5226,  0.5226,  0.5226,  0.5226,  0.5226,  0.5226,  0.5226,  0.5226,  0.6235,
  0.6235,  0.6235,  0.6235,  0.6235,  0.6235,  0.6235,  0.6235,  0.6235,  0.6235,  0.6235, -1.489 ,
 -1.489 , -1.489 , -1.489 , -1.489 ]

Cell Currents (A):
[2.2324, 2.2324, 2.2324, 2.2324, 2.2324, 2.2324, 2.2324, 2.2324, 2.2324, 2.2324, 2.2324, 2.2324,
 2.2324, 2.2324, 2.2324, 2.2324, 8.2689, 8.2689, 8.2689, 8.2689, 8.2689, 8.2689, 8.2689, 8.2689,
 8.2689, 8.2689, 8.2689, 8.2689, 8.2689, 8.2689, 8.2689, 8.2689, 2.2328, 2.2328, 2.2328, 2.2328,
 2.2328, 2.2328, 2.2328, 2.2328, 2.2328, 2.2328, 2.2328, 2.2328, 2.2328, 2.2328, 2.2328, 2.2328]

Bypass Diode Voltages (V):
[ 0.5867, -8.3619,  0.5867]

Bypass Diode Currents (A):
[ 6.0365e+00, -1.6000e-09,  6.0361e+00]

------------------------------------------------------------

--- Test 17 | Target Voltage: 7.6377 V ---
Total Panel Voltage : 7.6377 V
Total Panel Current : 7.6360 A
Total Power         : 58.3213 W

Cell Voltages (V):
[ 0.6235,  0.6235,  0.6235,  0.6235,  0.6235,  0.6235, -1.1365, -1.1365, -1.1365, -1.1365, -1.1365,
 -1.1365,  0.6235,  0.6235,  0.6235,  0.6235,  0.5503,  0.5503,  0.5503,  0.5503,  0.5503,  0.5503,
  0.5503,  0.5503,  0.5503,  0.5503,  0.5503,  0.5503,  0.5503,  0.5503,  0.5503,  0.5503,  0.6235,
  0.6235,  0.6235,  0.6235,  0.6235,  0.6235,  0.6235,  0.6235,  0.6235,  0.6235,  0.6235, -1.4884,
 -1.4884, -1.4884, -1.4884, -1.4884]

Cell Currents (A):
[2.2324, 2.2324, 2.2324, 2.2324, 2.2324, 2.2324, 2.2324, 2.2324, 2.2324, 2.2324, 2.2324, 2.2324,
 2.2324, 2.2324, 2.2324, 2.2324, 7.636 , 7.636 , 7.636 , 7.636 , 7.636 , 7.636 , 7.636 , 7.636 ,
 7.636 , 7.636 , 7.636 , 7.636 , 7.636 , 7.636 , 7.636 , 7.636 , 2.2328, 2.2328, 2.2328, 2.2328,
 2.2328, 2.2328, 2.2328, 2.2328, 2.2328, 2.2328, 2.2328, 2.2328, 2.2328, 2.2328, 2.2328, 2.2328]

Bypass Diode Voltages (V):
[ 0.5838, -8.8053,  0.5838]

Bypass Diode Currents (A):
[ 5.4036e+00, -1.6000e-09,  5.4032e+00]

------------------------------------------------------------

--- Test 18 | Target Voltage: 8.0870 V ---
Total Panel Voltage : 8.0870 V
Total Panel Current : 6.3550 A
Total Power         : 51.3924 W

Cell Voltages (V):
[ 0.6235,  0.6235,  0.6235,  0.6235,  0.6235,  0.6235, -1.1353, -1.1353, -1.1353, -1.1353, -1.1353,
 -1.1353,  0.6235,  0.6235,  0.6235,  0.6235,  0.5775,  0.5775,  0.5775,  0.5775,  0.5775,  0.5775,
  0.5775,  0.5775,  0.5775,  0.5775,  0.5775,  0.5775,  0.5775,  0.5775,  0.5775,  0.5775,  0.6235,
  0.6235,  0.6235,  0.6235,  0.6235,  0.6235,  0.6235,  0.6235,  0.6235,  0.6235,  0.6235, -1.487 ,
 -1.487 , -1.487 , -1.487 , -1.487 ]

Cell Currents (A):
[2.2324, 2.2324, 2.2324, 2.2324, 2.2324, 2.2324, 2.2324, 2.2324, 2.2324, 2.2324, 2.2324, 2.2324,
 2.2324, 2.2324, 2.2324, 2.2324, 6.355 , 6.355 , 6.355 , 6.355 , 6.355 , 6.355 , 6.355 , 6.355 ,
 6.355 , 6.355 , 6.355 , 6.355 , 6.355 , 6.355 , 6.355 , 6.355 , 2.2328, 2.2328, 2.2328, 2.2328,
 2.2328, 2.2328, 2.2328, 2.2328, 2.2328, 2.2328, 2.2328, 2.2328, 2.2328, 2.2328, 2.2328, 2.2328]

Bypass Diode Voltages (V):
[ 0.5766, -9.2401,  0.5766]

Bypass Diode Currents (A):
[ 4.1226e+00, -1.6000e-09,  4.1222e+00]

------------------------------------------------------------

--- Test 19 | Target Voltage: 8.5362 V ---
Total Panel Voltage : 8.5362 V
Total Panel Current : 4.3382 A
Total Power         : 37.0315 W

Cell Voltages (V):
[ 0.6235,  0.6235,  0.6235,  0.6235,  0.6235,  0.6235, -1.1323, -1.1323, -1.1323, -1.1323, -1.1323,
 -1.1323,  0.6235,  0.6235,  0.6235,  0.6235,  0.6034,  0.6034,  0.6034,  0.6034,  0.6034,  0.6034,
  0.6034,  0.6034,  0.6034,  0.6034,  0.6034,  0.6034,  0.6034,  0.6034,  0.6034,  0.6034,  0.6235,
  0.6235,  0.6235,  0.6235,  0.6235,  0.6235,  0.6235,  0.6235,  0.6235,  0.6235,  0.6235, -1.4834,
 -1.4834, -1.4834, -1.4834, -1.4834]

Cell Currents (A):
[2.2324, 2.2324, 2.2324, 2.2324, 2.2324, 2.2324, 2.2324, 2.2324, 2.2324, 2.2324, 2.2324, 2.2324,
 2.2324, 2.2324, 2.2324, 2.2324, 4.3382, 4.3382, 4.3382, 4.3382, 4.3382, 4.3382, 4.3382, 4.3382,
 4.3382, 4.3382, 4.3382, 4.3382, 4.3382, 4.3382, 4.3382, 4.3382, 2.2328, 2.2328, 2.2328, 2.2328,
 2.2328, 2.2328, 2.2328, 2.2328, 2.2328, 2.2328, 2.2328, 2.2328, 2.2328, 2.2328, 2.2328, 2.2328]

Bypass Diode Voltages (V):
[ 0.5587, -9.6537,  0.5587]

Bypass Diode Currents (A):
[ 2.1057e+00, -1.6000e-09,  2.1054e+00]

------------------------------------------------------------

--- Test 20 | Target Voltage: 8.9855 V ---
Total Panel Voltage : 8.9855 V
Total Panel Current : 2.3681 A
Total Power         : 21.2790 W

Cell Voltages (V):
[ 0.6235,  0.6235,  0.6235,  0.6235,  0.6235,  0.6235, -1.1201, -1.1201, -1.1201, -1.1201, -1.1201,
 -1.1201,  0.6235,  0.6235,  0.6235,  0.6235,  0.6223,  0.6223,  0.6223,  0.6223,  0.6223,  0.6223,
  0.6223,  0.6223,  0.6223,  0.6223,  0.6223,  0.6223,  0.6223,  0.6223,  0.6223,  0.6223,  0.6235,
  0.6235,  0.6235,  0.6235,  0.6235,  0.6235,  0.6235,  0.6235,  0.6235,  0.6235,  0.6235, -1.4688,
 -1.4688, -1.4688, -1.4688, -1.4688]

Cell Currents (A):
[2.2324, 2.2324, 2.2324, 2.2324, 2.2324, 2.2324, 2.2324, 2.2324, 2.2324, 2.2324, 2.2324, 2.2324,
 2.2324, 2.2324, 2.2324, 2.2324, 2.3681, 2.3681, 2.3681, 2.3681, 2.3681, 2.3681, 2.3681, 2.3681,
 2.3681, 2.3681, 2.3681, 2.3681, 2.3681, 2.3681, 2.3681, 2.3681, 2.2328, 2.2328, 2.2328, 2.2328,
 2.2328, 2.2328, 2.2328, 2.2328, 2.2328, 2.2328, 2.2328, 2.2328, 2.2328, 2.2328, 2.2328, 2.2328]

Bypass Diode Voltages (V):
[ 0.4858, -9.957 ,  0.4857]

Bypass Diode Currents (A):
[ 1.3574e-01, -1.6001e-09,  1.3538e-01]

------------------------------------------------------------

--- Test 21 | Target Voltage: 9.4348 V ---
Total Panel Voltage : 9.4348 V
Total Panel Current : 2.2327 A
Total Power         : 21.0652 W

Cell Voltages (V):
[ 0.6235,  0.6235,  0.6235,  0.6235,  0.6235,  0.6235, -1.0935, -1.0935, -1.0935, -1.0935, -1.0935,
 -1.0935,  0.6235,  0.6235,  0.6235,  0.6235,  0.6235,  0.6235,  0.6235,  0.6235,  0.6235,  0.6235,
  0.6235,  0.6235,  0.6235,  0.6235,  0.6235,  0.6235,  0.6235,  0.6235,  0.6235,  0.6235,  0.6235,
  0.6235,  0.6235,  0.6235,  0.6235,  0.6235,  0.6235,  0.6235,  0.6235,  0.6235,  0.6235, -1.4146,
 -1.4146, -1.4146, -1.4146, -1.4146]

Cell Currents (A):
[2.2324, 2.2324, 2.2324, 2.2324, 2.2324, 2.2324, 2.2324, 2.2324, 2.2324, 2.2324, 2.2324, 2.2324,
 2.2324, 2.2324, 2.2324, 2.2324, 2.2327, 2.2327, 2.2327, 2.2327, 2.2327, 2.2327, 2.2327, 2.2327,
 2.2327, 2.2327, 2.2327, 2.2327, 2.2327, 2.2327, 2.2327, 2.2327, 2.2327, 2.2327, 2.2327, 2.2327,
 2.2327, 2.2327, 2.2327, 2.2327, 2.2327, 2.2327, 2.2327, 2.2327, 2.2327, 2.2327, 2.2327, 2.2327]

Bypass Diode Voltages (V):
[ 0.3263, -9.9759,  0.2148]

Bypass Diode Currents (A):
[ 3.3911e-04, -1.6000e-09,  5.1263e-06]

------------------------------------------------------------

--- Test 22 | Target Voltage: 9.8841 V ---
Total Panel Voltage : 9.8841 V
Total Panel Current : 2.2326 A
Total Power         : 22.0674 W

Cell Voltages (V):
[ 0.6235,  0.6235,  0.6235,  0.6235,  0.6235,  0.6235, -1.0921, -1.0921, -1.0921, -1.0921, -1.0921,
 -1.0921,  0.6235,  0.6235,  0.6235,  0.6235,  0.6235,  0.6235,  0.6235,  0.6235,  0.6235,  0.6235,
  0.6235,  0.6235,  0.6235,  0.6235,  0.6235,  0.6235,  0.6235,  0.6235,  0.6235,  0.6235,  0.6235,
  0.6235,  0.6235,  0.6235,  0.6235,  0.6235,  0.6235,  0.6235,  0.6235,  0.6235,  0.6235, -1.3265,
 -1.3265, -1.3265, -1.3265, -1.3265]

Cell Currents (A):
[2.2324, 2.2324, 2.2324, 2.2324, 2.2324, 2.2324, 2.2324, 2.2324, 2.2324, 2.2324, 2.2324, 2.2324,
 2.2324, 2.2324, 2.2324, 2.2324, 2.2326, 2.2326, 2.2326, 2.2326, 2.2326, 2.2326, 2.2326, 2.2326,
 2.2326, 2.2326, 2.2326, 2.2326, 2.2326, 2.2326, 2.2326, 2.2326, 2.2326, 2.2326, 2.2326, 2.2326,
 2.2326, 2.2326, 2.2326, 2.2326, 2.2326, 2.2326, 2.2326, 2.2326, 2.2326, 2.2326, 2.2326, 2.2326]

Bypass Diode Voltages (V):
[ 0.3176, -9.9759, -0.2257]

Bypass Diode Currents (A):
[ 2.4387e-04, -1.6000e-09, -1.5996e-09]

------------------------------------------------------------

--- Test 23 | Target Voltage: 10.3333 V ---
Total Panel Voltage : 10.3333 V
Total Panel Current : 2.2325 A
Total Power         : 23.0695 W

Cell Voltages (V):
[ 0.6235,  0.6235,  0.6235,  0.6235,  0.6235,  0.6235, -1.0901, -1.0901, -1.0901, -1.0901, -1.0901,
 -1.0901,  0.6235,  0.6235,  0.6235,  0.6235,  0.6235,  0.6235,  0.6235,  0.6235,  0.6235,  0.6235,
  0.6235,  0.6235,  0.6235,  0.6235,  0.6235,  0.6235,  0.6235,  0.6235,  0.6235,  0.6235,  0.6235,
  0.6235,  0.6235,  0.6235,  0.6235,  0.6235,  0.6235,  0.6235,  0.6235,  0.6235,  0.6235, -1.2391,
 -1.2391, -1.2391, -1.2391, -1.2391]

Cell Currents (A):
[2.2324, 2.2324, 2.2324, 2.2324, 2.2324, 2.2324, 2.2324, 2.2324, 2.2324, 2.2324, 2.2324, 2.2324,
 2.2324, 2.2324, 2.2324, 2.2324, 2.2325, 2.2325, 2.2325, 2.2325, 2.2325, 2.2325, 2.2325, 2.2325,
 2.2325, 2.2325, 2.2325, 2.2325, 2.2325, 2.2325, 2.2325, 2.2325, 2.2325, 2.2325, 2.2325, 2.2325,
 2.2325, 2.2325, 2.2325, 2.2325, 2.2325, 2.2325, 2.2325, 2.2325, 2.2325, 2.2325, 2.2325, 2.2325]

Bypass Diode Voltages (V):
[ 0.3055, -9.9759, -0.6629]

Bypass Diode Currents (A):
[ 1.5501e-04, -1.6000e-09, -1.5973e-09]

------------------------------------------------------------

--- Test 24 | Target Voltage: 10.7826 V ---
Total Panel Voltage : 10.7826 V
Total Panel Current : 2.2324 A
Total Power         : 24.0716 W

Cell Voltages (V):
[ 0.6235,  0.6235,  0.6235,  0.6235,  0.6235,  0.6235, -1.0865, -1.0865, -1.0865, -1.0865, -1.0865,
 -1.0865,  0.6235,  0.6235,  0.6235,  0.6235,  0.6235,  0.6235,  0.6235,  0.6235,  0.6235,  0.6235,
  0.6235,  0.6235,  0.6235,  0.6235,  0.6235,  0.6235,  0.6235,  0.6235,  0.6235,  0.6235,  0.6235,
  0.6235,  0.6235,  0.6235,  0.6235,  0.6235,  0.6235,  0.6235,  0.6235,  0.6235,  0.6235, -1.1535,
 -1.1535, -1.1535, -1.1535, -1.1535]

Cell Currents (A):
[2.2324, 2.2324, 2.2324, 2.2324, 2.2324, 2.2324, 2.2324, 2.2324, 2.2324, 2.2324, 2.2324, 2.2324,
 2.2324, 2.2324, 2.2324, 2.2324, 2.2324, 2.2324, 2.2324, 2.2324, 2.2324, 2.2324, 2.2324, 2.2324,
 2.2324, 2.2324, 2.2324, 2.2324, 2.2324, 2.2324, 2.2324, 2.2324, 2.2324, 2.2324, 2.2324, 2.2324,
 2.2324, 2.2324, 2.2324, 2.2324, 2.2324, 2.2324, 2.2324, 2.2324, 2.2324, 2.2324, 2.2324, 2.2324]

Bypass Diode Voltages (V):
[ 0.2842, -9.9759, -1.0909]

Bypass Diode Currents (A):
[ 6.9671e-05, -1.6000e-09, -1.5719e-09]

------------------------------------------------------------

--- Test 25 | Target Voltage: 11.2319 V ---
Total Panel Voltage : 11.2319 V
Total Panel Current : 2.2324 A
Total Power         : 25.0737 W

Cell Voltages (V):
[ 0.6235,  0.6235,  0.6235,  0.6235,  0.6235,  0.6235, -1.0742, -1.0742, -1.0742, -1.0742, -1.0742,
 -1.0742,  0.6235,  0.6235,  0.6235,  0.6235,  0.6235,  0.6235,  0.6235,  0.6235,  0.6235,  0.6235,
  0.6235,  0.6235,  0.6235,  0.6235,  0.6235,  0.6235,  0.6235,  0.6235,  0.6235,  0.6235,  0.6235,
  0.6235,  0.6235,  0.6235,  0.6235,  0.6235,  0.6235,  0.6235,  0.6235,  0.6235,  0.6235, -1.0784,
 -1.0784, -1.0784, -1.0784, -1.0784]

Cell Currents (A):
[2.2324, 2.2324, 2.2324, 2.2324, 2.2324, 2.2324, 2.2324, 2.2324, 2.2324, 2.2324, 2.2324, 2.2324,
 2.2324, 2.2324, 2.2324, 2.2324, 2.2324, 2.2324, 2.2324, 2.2324, 2.2324, 2.2324, 2.2324, 2.2324,
 2.2324, 2.2324, 2.2324, 2.2324, 2.2324, 2.2324, 2.2324, 2.2324, 2.2324, 2.2324, 2.2324, 2.2324,
 2.2324, 2.2324, 2.2324, 2.2324, 2.2324, 2.2324, 2.2324, 2.2324, 2.2324, 2.2324, 2.2324, 2.2324]

Bypass Diode Voltages (V):
[ 0.2104, -9.9759, -1.4664]

Bypass Diode Currents (A):
[ 4.3516e-06, -1.6000e-09, -1.7766e-09]

------------------------------------------------------------

--- Test 26 | Target Voltage: 11.6812 V ---
Total Panel Voltage : 11.6812 V
Total Panel Current : 2.2323 A
Total Power         : 26.0761 W

Cell Voltages (V):
[ 0.6235,  0.6235,  0.6235,  0.6235,  0.6235,  0.6235, -1.0353, -1.0353, -1.0353, -1.0353, -1.0353,
 -1.0353,  0.6235,  0.6235,  0.6235,  0.6235,  0.6235,  0.6235,  0.6235,  0.6235,  0.6235,  0.6235,
  0.6235,  0.6235,  0.6235,  0.6235,  0.6235,  0.6235,  0.6235,  0.6235,  0.6235,  0.6235,  0.6235,
  0.6235,  0.6235,  0.6235,  0.6235,  0.6235,  0.6235,  0.6235,  0.6235,  0.6235,  0.6235, -1.0353,
 -1.0353, -1.0353, -1.0353, -1.0353]

Cell Currents (A):
[2.2323, 2.2323, 2.2323, 2.2323, 2.2323, 2.2323, 2.2323, 2.2323, 2.2323, 2.2323, 2.2323, 2.2323,
 2.2323, 2.2323, 2.2323, 2.2323, 2.2323, 2.2323, 2.2323, 2.2323, 2.2323, 2.2323, 2.2323, 2.2323,
 2.2323, 2.2323, 2.2323, 2.2323, 2.2323, 2.2323, 2.2323, 2.2323, 2.2323, 2.2323, 2.2323, 2.2323,
 2.2323, 2.2323, 2.2323, 2.2323, 2.2323, 2.2323, 2.2323, 2.2323, 2.2323, 2.2323, 2.2323, 2.2323]

Bypass Diode Voltages (V):
[-0.0232, -9.976 , -1.682 ]

Bypass Diode Currents (A):
[-9.2263e-10, -1.6000e-09, -1.6085e-09]

------------------------------------------------------------

--- Test 27 | Target Voltage: 12.1304 V ---
Total Panel Voltage : 12.1304 V
Total Panel Current : 2.2323 A
Total Power         : 27.0785 W

Cell Voltages (V):
[ 0.6235,  0.6235,  0.6235,  0.6235,  0.6235,  0.6235, -0.9945, -0.9945, -0.9945, -0.9945, -0.9945,
 -0.9945,  0.6235,  0.6235,  0.6235,  0.6235,  0.6235,  0.6235,  0.6235,  0.6235,  0.6235,  0.6235,
  0.6235,  0.6235,  0.6235,  0.6235,  0.6235,  0.6235,  0.6235,  0.6235,  0.6235,  0.6235,  0.6235,
  0.6235,  0.6235,  0.6235,  0.6235,  0.6235,  0.6235,  0.6235,  0.6235,  0.6235,  0.6235, -0.9945,
 -0.9945, -0.9945, -0.9945, -0.9945]

Cell Currents (A):
[2.2323, 2.2323, 2.2323, 2.2323, 2.2323, 2.2323, 2.2323, 2.2323, 2.2323, 2.2323, 2.2323, 2.2323,
 2.2323, 2.2323, 2.2323, 2.2323, 2.2323, 2.2323, 2.2323, 2.2323, 2.2323, 2.2323, 2.2323, 2.2323,
 2.2323, 2.2323, 2.2323, 2.2323, 2.2323, 2.2323, 2.2323, 2.2323, 2.2323, 2.2323, 2.2323, 2.2323,
 2.2323, 2.2323, 2.2323, 2.2323, 2.2323, 2.2323, 2.2323, 2.2323, 2.2323, 2.2323, 2.2323, 2.2323]

Bypass Diode Voltages (V):
[-0.2683, -9.976 , -1.8862]

Bypass Diode Currents (A):
[-1.5999e-09, -1.6000e-09, -1.6000e-09]

------------------------------------------------------------

--- Test 28 | Target Voltage: 12.5797 V ---
Total Panel Voltage : 12.5797 V
Total Panel Current : 2.2322 A
Total Power         : 28.0809 W

Cell Voltages (V):
[ 0.6235,  0.6235,  0.6235,  0.6235,  0.6235,  0.6235, -0.9536, -0.9536, -0.9536, -0.9536, -0.9536,
 -0.9536,  0.6235,  0.6235,  0.6235,  0.6235,  0.6235,  0.6235,  0.6235,  0.6235,  0.6235,  0.6235,
  0.6235,  0.6235,  0.6235,  0.6235,  0.6235,  0.6235,  0.6235,  0.6235,  0.6235,  0.6235,  0.6235,
  0.6235,  0.6235,  0.6235,  0.6235,  0.6235,  0.6235,  0.6235,  0.6235,  0.6235,  0.6235, -0.9536,
 -0.9536, -0.9536, -0.9536, -0.9536]

Cell Currents (A):
[2.2322, 2.2322, 2.2322, 2.2322, 2.2322, 2.2322, 2.2322, 2.2322, 2.2322, 2.2322, 2.2322, 2.2322,
 2.2322, 2.2322, 2.2322, 2.2322, 2.2322, 2.2322, 2.2322, 2.2322, 2.2322, 2.2322, 2.2322, 2.2322,
 2.2322, 2.2322, 2.2322, 2.2322, 2.2322, 2.2322, 2.2322, 2.2322, 2.2322, 2.2322, 2.2322, 2.2322,
 2.2322, 2.2322, 2.2322, 2.2322, 2.2322, 2.2322, 2.2322, 2.2322, 2.2322, 2.2322, 2.2322, 2.2322]

Bypass Diode Voltages (V):
[-0.5133, -9.976 , -2.0904]

Bypass Diode Currents (A):
[-1.6e-09, -1.6e-09, -1.6e-09]

------------------------------------------------------------

--- Test 29 | Target Voltage: 13.0290 V ---
Total Panel Voltage : 13.0290 V
Total Panel Current : 2.2322 A
Total Power         : 29.0832 W

Cell Voltages (V):
[ 0.6235,  0.6235,  0.6235,  0.6235,  0.6235,  0.6235, -0.9128, -0.9128, -0.9128, -0.9128, -0.9128,
 -0.9128,  0.6235,  0.6235,  0.6235,  0.6235,  0.6235,  0.6235,  0.6235,  0.6235,  0.6235,  0.6235,
  0.6235,  0.6235,  0.6235,  0.6235,  0.6235,  0.6235,  0.6235,  0.6235,  0.6235,  0.6235,  0.6235,
  0.6235,  0.6235,  0.6235,  0.6235,  0.6235,  0.6235,  0.6235,  0.6235,  0.6235,  0.6235, -0.9128,
 -0.9128, -0.9128, -0.9128, -0.9128]

Cell Currents (A):
[2.2322, 2.2322, 2.2322, 2.2322, 2.2322, 2.2322, 2.2322, 2.2322, 2.2322, 2.2322, 2.2322, 2.2322,
 2.2322, 2.2322, 2.2322, 2.2322, 2.2322, 2.2322, 2.2322, 2.2322, 2.2322, 2.2322, 2.2322, 2.2322,
 2.2322, 2.2322, 2.2322, 2.2322, 2.2322, 2.2322, 2.2322, 2.2322, 2.2322, 2.2322, 2.2322, 2.2322,
 2.2322, 2.2322, 2.2322, 2.2322, 2.2322, 2.2322, 2.2322, 2.2322, 2.2322, 2.2322, 2.2322, 2.2322]

Bypass Diode Voltages (V):
[-0.7584, -9.976 , -2.2946]

Bypass Diode Currents (A):
[-1.6e-09, -1.6e-09, -1.6e-09]

------------------------------------------------------------

--- Test 30 | Target Voltage: 13.4783 V ---
Total Panel Voltage : 13.4783 V
Total Panel Current : 2.2322 A
Total Power         : 30.0855 W

Cell Voltages (V):
[ 0.6235,  0.6235,  0.6235,  0.6235,  0.6235,  0.6235, -0.8719, -0.8719, -0.8719, -0.8719, -0.8719,
 -0.8719,  0.6235,  0.6235,  0.6235,  0.6235,  0.6235,  0.6235,  0.6235,  0.6235,  0.6235,  0.6235,
  0.6235,  0.6235,  0.6235,  0.6235,  0.6235,  0.6235,  0.6235,  0.6235,  0.6235,  0.6235,  0.6235,
  0.6235,  0.6235,  0.6235,  0.6235,  0.6235,  0.6235,  0.6235,  0.6235,  0.6235,  0.6235, -0.8719,
 -0.8719, -0.8719, -0.8719, -0.8719]

Cell Currents (A):
[2.2322, 2.2322, 2.2322, 2.2322, 2.2322, 2.2322, 2.2322, 2.2322, 2.2322, 2.2322, 2.2322, 2.2322,
 2.2322, 2.2322, 2.2322, 2.2322, 2.2322, 2.2322, 2.2322, 2.2322, 2.2322, 2.2322, 2.2322, 2.2322,
 2.2322, 2.2322, 2.2322, 2.2322, 2.2322, 2.2322, 2.2322, 2.2322, 2.2322, 2.2322, 2.2322, 2.2322,
 2.2322, 2.2322, 2.2322, 2.2322, 2.2322, 2.2322, 2.2322, 2.2322, 2.2322, 2.2322, 2.2322, 2.2322]

Bypass Diode Voltages (V):
[-1.0034, -9.976 , -2.4989]

Bypass Diode Currents (A):
[-1.6e-09, -1.6e-09, -1.6e-09]

------------------------------------------------------------

--- Test 31 | Target Voltage: 13.9275 V ---
Total Panel Voltage : 13.9275 V
Total Panel Current : 2.2321 A
Total Power         : 31.0878 W

Cell Voltages (V):
[ 0.6235,  0.6235,  0.6235,  0.6235,  0.6235,  0.6235, -0.8311, -0.8311, -0.8311, -0.8311, -0.8311,
 -0.8311,  0.6235,  0.6235,  0.6235,  0.6235,  0.6235,  0.6235,  0.6235,  0.6235,  0.6235,  0.6235,
  0.6235,  0.6235,  0.6235,  0.6235,  0.6235,  0.6235,  0.6235,  0.6235,  0.6235,  0.6235,  0.6235,
  0.6235,  0.6235,  0.6235,  0.6235,  0.6235,  0.6235,  0.6235,  0.6235,  0.6235,  0.6235, -0.8311,
 -0.8311, -0.8311, -0.8311, -0.8311]

Cell Currents (A):
[2.2321, 2.2321, 2.2321, 2.2321, 2.2321, 2.2321, 2.2321, 2.2321, 2.2321, 2.2321, 2.2321, 2.2321,
 2.2321, 2.2321, 2.2321, 2.2321, 2.2321, 2.2321, 2.2321, 2.2321, 2.2321, 2.2321, 2.2321, 2.2321,
 2.2321, 2.2321, 2.2321, 2.2321, 2.2321, 2.2321, 2.2321, 2.2321, 2.2321, 2.2321, 2.2321, 2.2321,
 2.2321, 2.2321, 2.2321, 2.2321, 2.2321, 2.2321, 2.2321, 2.2321, 2.2321, 2.2321, 2.2321, 2.2321]

Bypass Diode Voltages (V):
[-1.2485, -9.976 , -2.7031]

Bypass Diode Currents (A):
[-1.6e-09, -1.6e-09, -1.6e-09]

------------------------------------------------------------

--- Test 32 | Target Voltage: 14.3768 V ---
Total Panel Voltage : 14.3768 V
Total Panel Current : 2.2321 A
Total Power         : 32.0900 W

Cell Voltages (V):
[ 0.6235,  0.6235,  0.6235,  0.6235,  0.6235,  0.6235, -0.7902, -0.7902, -0.7902, -0.7902, -0.7902,
 -0.7902,  0.6235,  0.6235,  0.6235,  0.6235,  0.6235,  0.6235,  0.6235,  0.6235,  0.6235,  0.6235,
  0.6235,  0.6235,  0.6235,  0.6235,  0.6235,  0.6235,  0.6235,  0.6235,  0.6235,  0.6235,  0.6235,
  0.6235,  0.6235,  0.6235,  0.6235,  0.6235,  0.6235,  0.6235,  0.6235,  0.6235,  0.6235, -0.7902,
 -0.7902, -0.7902, -0.7902, -0.7902]

Cell Currents (A):
[2.2321, 2.2321, 2.2321, 2.2321, 2.2321, 2.2321, 2.2321, 2.2321, 2.2321, 2.2321, 2.2321, 2.2321,
 2.2321, 2.2321, 2.2321, 2.2321, 2.2321, 2.2321, 2.2321, 2.2321, 2.2321, 2.2321, 2.2321, 2.2321,
 2.2321, 2.2321, 2.2321, 2.2321, 2.2321, 2.2321, 2.2321, 2.2321, 2.2321, 2.2321, 2.2321, 2.2321,
 2.2321, 2.2321, 2.2321, 2.2321, 2.2321, 2.2321, 2.2321, 2.2321, 2.2321, 2.2321, 2.2321, 2.2321]

Bypass Diode Voltages (V):
[-1.4935, -9.976 , -2.9073]

Bypass Diode Currents (A):
[-1.6e-09, -1.6e-09, -1.6e-09]

------------------------------------------------------------

--- Test 33 | Target Voltage: 14.8261 V ---
Total Panel Voltage : 14.8261 V
Total Panel Current : 2.2320 A
Total Power         : 33.0922 W

Cell Voltages (V):
[ 0.6235,  0.6235,  0.6235,  0.6235,  0.6235,  0.6235, -0.7494, -0.7494, -0.7494, -0.7494, -0.7494,
 -0.7494,  0.6235,  0.6235,  0.6235,  0.6235,  0.6235,  0.6235,  0.6235,  0.6235,  0.6235,  0.6235,
  0.6235,  0.6235,  0.6235,  0.6235,  0.6235,  0.6235,  0.6235,  0.6235,  0.6235,  0.6235,  0.6235,
  0.6235,  0.6235,  0.6235,  0.6235,  0.6235,  0.6235,  0.6235,  0.6235,  0.6235,  0.6235, -0.7494,
 -0.7494, -0.7494, -0.7494, -0.7494]

Cell Currents (A):
[2.232, 2.232, 2.232, 2.232, 2.232, 2.232, 2.232, 2.232, 2.232, 2.232, 2.232, 2.232, 2.232, 2.232,
 2.232, 2.232, 2.232, 2.232, 2.232, 2.232, 2.232, 2.232, 2.232, 2.232, 2.232, 2.232, 2.232, 2.232,
 2.232, 2.232, 2.232, 2.232, 2.232, 2.232, 2.232, 2.232, 2.232, 2.232, 2.232, 2.232, 2.232, 2.232,
 2.232, 2.232, 2.232, 2.232, 2.232, 2.232]

Bypass Diode Voltages (V):
[-1.7386, -9.976 , -3.1115]

Bypass Diode Currents (A):
[-1.6e-09, -1.6e-09, -1.6e-09]

------------------------------------------------------------

--- Test 34 | Target Voltage: 15.2754 V ---
Total Panel Voltage : 15.2754 V
Total Panel Current : 2.2320 A
Total Power         : 34.0943 W

Cell Voltages (V):
[ 0.6235,  0.6235,  0.6235,  0.6235,  0.6235,  0.6235, -0.7086, -0.7086, -0.7086, -0.7086, -0.7086,
 -0.7086,  0.6235,  0.6235,  0.6235,  0.6235,  0.6235,  0.6235,  0.6235,  0.6235,  0.6235,  0.6235,
  0.6235,  0.6235,  0.6235,  0.6235,  0.6235,  0.6235,  0.6235,  0.6235,  0.6235,  0.6235,  0.6235,
  0.6235,  0.6235,  0.6235,  0.6235,  0.6235,  0.6235,  0.6235,  0.6235,  0.6235,  0.6235, -0.7086,
 -0.7086, -0.7086, -0.7086, -0.7086]

Cell Currents (A):
[2.232, 2.232, 2.232, 2.232, 2.232, 2.232, 2.232, 2.232, 2.232, 2.232, 2.232, 2.232, 2.232, 2.232,
 2.232, 2.232, 2.232, 2.232, 2.232, 2.232, 2.232, 2.232, 2.232, 2.232, 2.232, 2.232, 2.232, 2.232,
 2.232, 2.232, 2.232, 2.232, 2.232, 2.232, 2.232, 2.232, 2.232, 2.232, 2.232, 2.232, 2.232, 2.232,
 2.232, 2.232, 2.232, 2.232, 2.232, 2.232]

Bypass Diode Voltages (V):
[-1.9837, -9.976 , -3.3157]

Bypass Diode Currents (A):
[-1.6e-09, -1.6e-09, -1.6e-09]

------------------------------------------------------------

--- Test 35 | Target Voltage: 15.7246 V ---
Total Panel Voltage : 15.7246 V
Total Panel Current : 2.2319 A
Total Power         : 35.0964 W

Cell Voltages (V):
[ 0.6235,  0.6235,  0.6235,  0.6235,  0.6235,  0.6235, -0.6677, -0.6677, -0.6677, -0.6677, -0.6677,
 -0.6677,  0.6235,  0.6235,  0.6235,  0.6235,  0.6235,  0.6235,  0.6235,  0.6235,  0.6235,  0.6235,
  0.6235,  0.6235,  0.6235,  0.6235,  0.6235,  0.6235,  0.6235,  0.6235,  0.6235,  0.6235,  0.6235,
  0.6235,  0.6235,  0.6235,  0.6235,  0.6235,  0.6235,  0.6235,  0.6235,  0.6235,  0.6235, -0.6677,
 -0.6677, -0.6677, -0.6677, -0.6677]

Cell Currents (A):
[2.2319, 2.2319, 2.2319, 2.2319, 2.2319, 2.2319, 2.2319, 2.2319, 2.2319, 2.2319, 2.2319, 2.2319,
 2.2319, 2.2319, 2.2319, 2.2319, 2.2319, 2.2319, 2.2319, 2.2319, 2.2319, 2.2319, 2.2319, 2.2319,
 2.2319, 2.2319, 2.2319, 2.2319, 2.2319, 2.2319, 2.2319, 2.2319, 2.2319, 2.2319, 2.2319, 2.2319,
 2.2319, 2.2319, 2.2319, 2.2319, 2.2319, 2.2319, 2.2319, 2.2319, 2.2319, 2.2319, 2.2319, 2.2319]

Bypass Diode Voltages (V):
[-2.2287, -9.976 , -3.5199]

Bypass Diode Currents (A):
[-1.6e-09, -1.6e-09, -1.6e-09]

------------------------------------------------------------

--- Test 36 | Target Voltage: 16.1739 V ---
Total Panel Voltage : 16.1739 V
Total Panel Current : 2.2319 A
Total Power         : 36.0985 W

Cell Voltages (V):
[ 0.6235,  0.6235,  0.6235,  0.6235,  0.6235,  0.6235, -0.6269, -0.6269, -0.6269, -0.6269, -0.6269,
 -0.6269,  0.6235,  0.6235,  0.6235,  0.6235,  0.6235,  0.6235,  0.6235,  0.6235,  0.6235,  0.6235,
  0.6235,  0.6235,  0.6235,  0.6235,  0.6235,  0.6235,  0.6235,  0.6235,  0.6235,  0.6235,  0.6235,
  0.6235,  0.6235,  0.6235,  0.6235,  0.6235,  0.6235,  0.6235,  0.6235,  0.6235,  0.6235, -0.6269,
 -0.6269, -0.6269, -0.6269, -0.6269]

Cell Currents (A):
[2.2319, 2.2319, 2.2319, 2.2319, 2.2319, 2.2319, 2.2319, 2.2319, 2.2319, 2.2319, 2.2319, 2.2319,
 2.2319, 2.2319, 2.2319, 2.2319, 2.2319, 2.2319, 2.2319, 2.2319, 2.2319, 2.2319, 2.2319, 2.2319,
 2.2319, 2.2319, 2.2319, 2.2319, 2.2319, 2.2319, 2.2319, 2.2319, 2.2319, 2.2319, 2.2319, 2.2319,
 2.2319, 2.2319, 2.2319, 2.2319, 2.2319, 2.2319, 2.2319, 2.2319, 2.2319, 2.2319, 2.2319, 2.2319]

Bypass Diode Voltages (V):
[-2.4738, -9.976 , -3.7241]

Bypass Diode Currents (A):
[-1.6e-09, -1.6e-09, -1.6e-09]

------------------------------------------------------------

--- Test 37 | Target Voltage: 16.6232 V ---
Total Panel Voltage : 16.6232 V
Total Panel Current : 2.2319 A
Total Power         : 37.1005 W

Cell Voltages (V):
[ 0.6235,  0.6235,  0.6235,  0.6235,  0.6235,  0.6235, -0.586 , -0.586 , -0.586 , -0.586 , -0.586 ,
 -0.586 ,  0.6235,  0.6235,  0.6235,  0.6235,  0.6235,  0.6235,  0.6235,  0.6235,  0.6235,  0.6235,
  0.6235,  0.6235,  0.6235,  0.6235,  0.6235,  0.6235,  0.6235,  0.6235,  0.6235,  0.6235,  0.6235,
  0.6235,  0.6235,  0.6235,  0.6235,  0.6235,  0.6235,  0.6235,  0.6235,  0.6235,  0.6235, -0.586 ,
 -0.586 , -0.586 , -0.586 , -0.586 ]

Cell Currents (A):
[2.2319, 2.2319, 2.2319, 2.2319, 2.2319, 2.2319, 2.2319, 2.2319, 2.2319, 2.2319, 2.2319, 2.2319,
 2.2319, 2.2319, 2.2319, 2.2319, 2.2319, 2.2319, 2.2319, 2.2319, 2.2319, 2.2319, 2.2319, 2.2319,
 2.2319, 2.2319, 2.2319, 2.2319, 2.2319, 2.2319, 2.2319, 2.2319, 2.2319, 2.2319, 2.2319, 2.2319,
 2.2319, 2.2319, 2.2319, 2.2319, 2.2319, 2.2319, 2.2319, 2.2319, 2.2319, 2.2319, 2.2319, 2.2319]

Bypass Diode Voltages (V):
[-2.7188, -9.976 , -3.9284]

Bypass Diode Currents (A):
[-1.6e-09, -1.6e-09, -1.6e-09]

------------------------------------------------------------

--- Test 38 | Target Voltage: 17.0725 V ---
Total Panel Voltage : 17.0725 V
Total Panel Current : 2.2318 A
Total Power         : 38.1025 W

Cell Voltages (V):
[ 0.6235,  0.6235,  0.6235,  0.6235,  0.6235,  0.6235, -0.5452, -0.5452, -0.5452, -0.5452, -0.5452,
 -0.5452,  0.6235,  0.6235,  0.6235,  0.6235,  0.6235,  0.6235,  0.6235,  0.6235,  0.6235,  0.6235,
  0.6235,  0.6235,  0.6235,  0.6235,  0.6235,  0.6235,  0.6235,  0.6235,  0.6235,  0.6235,  0.6235,
  0.6235,  0.6235,  0.6235,  0.6235,  0.6235,  0.6235,  0.6235,  0.6235,  0.6235,  0.6235, -0.5452,
 -0.5452, -0.5452, -0.5452, -0.5452]

Cell Currents (A):
[2.2318, 2.2318, 2.2318, 2.2318, 2.2318, 2.2318, 2.2318, 2.2318, 2.2318, 2.2318, 2.2318, 2.2318,
 2.2318, 2.2318, 2.2318, 2.2318, 2.2318, 2.2318, 2.2318, 2.2318, 2.2318, 2.2318, 2.2318, 2.2318,
 2.2318, 2.2318, 2.2318, 2.2318, 2.2318, 2.2318, 2.2318, 2.2318, 2.2318, 2.2318, 2.2318, 2.2318,
 2.2318, 2.2318, 2.2318, 2.2318, 2.2318, 2.2318, 2.2318, 2.2318, 2.2318, 2.2318, 2.2318, 2.2318]

Bypass Diode Voltages (V):
[-2.9639, -9.976 , -4.1326]

Bypass Diode Currents (A):
[-1.6e-09, -1.6e-09, -1.6e-09]

------------------------------------------------------------

--- Test 39 | Target Voltage: 17.5217 V ---
Total Panel Voltage : 17.5217 V
Total Panel Current : 2.2318 A
Total Power         : 39.1045 W

Cell Voltages (V):
[ 0.6235,  0.6235,  0.6235,  0.6235,  0.6235,  0.6235, -0.5043, -0.5043, -0.5043, -0.5043, -0.5043,
 -0.5043,  0.6235,  0.6235,  0.6235,  0.6235,  0.6235,  0.6235,  0.6235,  0.6235,  0.6235,  0.6235,
  0.6235,  0.6235,  0.6235,  0.6235,  0.6235,  0.6235,  0.6235,  0.6235,  0.6235,  0.6235,  0.6235,
  0.6235,  0.6235,  0.6235,  0.6235,  0.6235,  0.6235,  0.6235,  0.6235,  0.6235,  0.6235, -0.5043,
 -0.5043, -0.5043, -0.5043, -0.5043]

Cell Currents (A):
[2.2318, 2.2318, 2.2318, 2.2318, 2.2318, 2.2318, 2.2318, 2.2318, 2.2318, 2.2318, 2.2318, 2.2318,
 2.2318, 2.2318, 2.2318, 2.2318, 2.2318, 2.2318, 2.2318, 2.2318, 2.2318, 2.2318, 2.2318, 2.2318,
 2.2318, 2.2318, 2.2318, 2.2318, 2.2318, 2.2318, 2.2318, 2.2318, 2.2318, 2.2318, 2.2318, 2.2318,
 2.2318, 2.2318, 2.2318, 2.2318, 2.2318, 2.2318, 2.2318, 2.2318, 2.2318, 2.2318, 2.2318, 2.2318]

Bypass Diode Voltages (V):
[-3.2089, -9.976 , -4.3368]

Bypass Diode Currents (A):
[-1.6e-09, -1.6e-09, -1.6e-09]

------------------------------------------------------------

--- Test 40 | Target Voltage: 17.9710 V ---
Total Panel Voltage : 17.9710 V
Total Panel Current : 2.2317 A
Total Power         : 40.1064 W

Cell Voltages (V):
[ 0.6235,  0.6235,  0.6235,  0.6235,  0.6235,  0.6235, -0.4635, -0.4635, -0.4635, -0.4635, -0.4635,
 -0.4635,  0.6235,  0.6235,  0.6235,  0.6235,  0.6235,  0.6235,  0.6235,  0.6235,  0.6235,  0.6235,
  0.6235,  0.6235,  0.6235,  0.6235,  0.6235,  0.6235,  0.6235,  0.6235,  0.6235,  0.6235,  0.6235,
  0.6235,  0.6235,  0.6235,  0.6235,  0.6235,  0.6235,  0.6235,  0.6235,  0.6235,  0.6235, -0.4635,
 -0.4635, -0.4635, -0.4635, -0.4635]

Cell Currents (A):
[2.2317, 2.2317, 2.2317, 2.2317, 2.2317, 2.2317, 2.2317, 2.2317, 2.2317, 2.2317, 2.2317, 2.2317,
 2.2317, 2.2317, 2.2317, 2.2317, 2.2317, 2.2317, 2.2317, 2.2317, 2.2317, 2.2317, 2.2317, 2.2317,
 2.2317, 2.2317, 2.2317, 2.2317, 2.2317, 2.2317, 2.2317, 2.2317, 2.2317, 2.2317, 2.2317, 2.2317,
 2.2317, 2.2317, 2.2317, 2.2317, 2.2317, 2.2317, 2.2317, 2.2317, 2.2317, 2.2317, 2.2317, 2.2317]

Bypass Diode Voltages (V):
[-3.454, -9.976, -4.541]

Bypass Diode Currents (A):
[-1.6e-09, -1.6e-09, -1.6e-09]

------------------------------------------------------------

--- Test 41 | Target Voltage: 18.4203 V ---
Total Panel Voltage : 18.4203 V
Total Panel Current : 2.2317 A
Total Power         : 41.1083 W

Cell Voltages (V):
[ 0.6235,  0.6235,  0.6235,  0.6235,  0.6235,  0.6235, -0.4227, -0.4227, -0.4227, -0.4227, -0.4227,
 -0.4227,  0.6235,  0.6235,  0.6235,  0.6235,  0.6235,  0.6235,  0.6235,  0.6235,  0.6235,  0.6235,
  0.6235,  0.6235,  0.6235,  0.6235,  0.6235,  0.6235,  0.6235,  0.6235,  0.6235,  0.6235,  0.6235,
  0.6235,  0.6235,  0.6235,  0.6235,  0.6235,  0.6235,  0.6235,  0.6235,  0.6235,  0.6235, -0.4227,
 -0.4227, -0.4227, -0.4227, -0.4227]

Cell Currents (A):
[2.2317, 2.2317, 2.2317, 2.2317, 2.2317, 2.2317, 2.2317, 2.2317, 2.2317, 2.2317, 2.2317, 2.2317,
 2.2317, 2.2317, 2.2317, 2.2317, 2.2317, 2.2317, 2.2317, 2.2317, 2.2317, 2.2317, 2.2317, 2.2317,
 2.2317, 2.2317, 2.2317, 2.2317, 2.2317, 2.2317, 2.2317, 2.2317, 2.2317, 2.2317, 2.2317, 2.2317,
 2.2317, 2.2317, 2.2317, 2.2317, 2.2317, 2.2317, 2.2317, 2.2317, 2.2317, 2.2317, 2.2317, 2.2317]

Bypass Diode Voltages (V):
[-3.699 , -9.976 , -4.7452]

Bypass Diode Currents (A):
[-1.6e-09, -1.6e-09, -1.6e-09]

------------------------------------------------------------

--- Test 42 | Target Voltage: 18.8696 V ---
Total Panel Voltage : 18.8696 V
Total Panel Current : 2.2316 A
Total Power         : 42.1101 W

Cell Voltages (V):
[ 0.6235,  0.6235,  0.6235,  0.6235,  0.6235,  0.6235, -0.3818, -0.3818, -0.3818, -0.3818, -0.3818,
 -0.3818,  0.6235,  0.6235,  0.6235,  0.6235,  0.6235,  0.6235,  0.6235,  0.6235,  0.6235,  0.6235,
  0.6235,  0.6235,  0.6235,  0.6235,  0.6235,  0.6235,  0.6235,  0.6235,  0.6235,  0.6235,  0.6235,
  0.6235,  0.6235,  0.6235,  0.6235,  0.6235,  0.6235,  0.6235,  0.6235,  0.6235,  0.6235, -0.3818,
 -0.3818, -0.3818, -0.3818, -0.3818]

Cell Currents (A):
[2.2316, 2.2316, 2.2316, 2.2316, 2.2316, 2.2316, 2.2316, 2.2316, 2.2316, 2.2316, 2.2316, 2.2316,
 2.2316, 2.2316, 2.2316, 2.2316, 2.2316, 2.2316, 2.2316, 2.2316, 2.2316, 2.2316, 2.2316, 2.2316,
 2.2316, 2.2316, 2.2316, 2.2316, 2.2316, 2.2316, 2.2316, 2.2316, 2.2316, 2.2316, 2.2316, 2.2316,
 2.2316, 2.2316, 2.2316, 2.2316, 2.2316, 2.2316, 2.2316, 2.2316, 2.2316, 2.2316, 2.2316, 2.2316]

Bypass Diode Voltages (V):
[-3.9441, -9.9761, -4.9494]

Bypass Diode Currents (A):
[-1.6e-09, -1.6e-09, -1.6e-09]

------------------------------------------------------------

--- Test 43 | Target Voltage: 19.3188 V ---
Total Panel Voltage : 19.3188 V
Total Panel Current : 2.2316 A
Total Power         : 43.1119 W

Cell Voltages (V):
[ 0.6235,  0.6235,  0.6235,  0.6235,  0.6235,  0.6235, -0.341 , -0.341 , -0.341 , -0.341 , -0.341 ,
 -0.341 ,  0.6235,  0.6235,  0.6235,  0.6235,  0.6235,  0.6235,  0.6235,  0.6235,  0.6235,  0.6235,
  0.6235,  0.6235,  0.6235,  0.6235,  0.6235,  0.6235,  0.6235,  0.6235,  0.6235,  0.6235,  0.6235,
  0.6235,  0.6235,  0.6235,  0.6235,  0.6235,  0.6235,  0.6235,  0.6235,  0.6235,  0.6235, -0.341 ,
 -0.341 , -0.341 , -0.341 , -0.341 ]

Cell Currents (A):
[2.2316, 2.2316, 2.2316, 2.2316, 2.2316, 2.2316, 2.2316, 2.2316, 2.2316, 2.2316, 2.2316, 2.2316,
 2.2316, 2.2316, 2.2316, 2.2316, 2.2316, 2.2316, 2.2316, 2.2316, 2.2316, 2.2316, 2.2316, 2.2316,
 2.2316, 2.2316, 2.2316, 2.2316, 2.2316, 2.2316, 2.2316, 2.2316, 2.2316, 2.2316, 2.2316, 2.2316,
 2.2316, 2.2316, 2.2316, 2.2316, 2.2316, 2.2316, 2.2316, 2.2316, 2.2316, 2.2316, 2.2316, 2.2316]

Bypass Diode Voltages (V):
[-4.1892, -9.9761, -5.1536]

Bypass Diode Currents (A):
[-1.6e-09, -1.6e-09, -1.6e-09]

------------------------------------------------------------

--- Test 44 | Target Voltage: 19.7681 V ---
Total Panel Voltage : 19.7681 V
Total Panel Current : 2.2316 A
Total Power         : 44.1137 W

Cell Voltages (V):
[ 0.6235,  0.6235,  0.6235,  0.6235,  0.6235,  0.6235, -0.3001, -0.3001, -0.3001, -0.3001, -0.3001,
 -0.3001,  0.6235,  0.6235,  0.6235,  0.6235,  0.6235,  0.6235,  0.6235,  0.6235,  0.6235,  0.6235,
  0.6235,  0.6235,  0.6235,  0.6235,  0.6235,  0.6235,  0.6235,  0.6235,  0.6235,  0.6235,  0.6235,
  0.6235,  0.6235,  0.6235,  0.6235,  0.6235,  0.6235,  0.6235,  0.6235,  0.6235,  0.6235, -0.3001,
 -0.3001, -0.3001, -0.3001, -0.3001]

Cell Currents (A):
[2.2316, 2.2316, 2.2316, 2.2316, 2.2316, 2.2316, 2.2316, 2.2316, 2.2316, 2.2316, 2.2316, 2.2316,
 2.2316, 2.2316, 2.2316, 2.2316, 2.2316, 2.2316, 2.2316, 2.2316, 2.2316, 2.2316, 2.2316, 2.2316,
 2.2316, 2.2316, 2.2316, 2.2316, 2.2316, 2.2316, 2.2316, 2.2316, 2.2316, 2.2316, 2.2316, 2.2316,
 2.2316, 2.2316, 2.2316, 2.2316, 2.2316, 2.2316, 2.2316, 2.2316, 2.2316, 2.2316, 2.2316, 2.2316]

Bypass Diode Voltages (V):
[-4.4342, -9.9761, -5.3578]

Bypass Diode Currents (A):
[-1.6001e-09, -1.5999e-09, -1.6000e-09]

------------------------------------------------------------

--- Test 45 | Target Voltage: 20.2174 V ---
Total Panel Voltage : 20.2174 V
Total Panel Current : 2.2315 A
Total Power         : 45.1154 W

Cell Voltages (V):
[ 0.6235,  0.6235,  0.6235,  0.6235,  0.6235,  0.6235, -0.2593, -0.2593, -0.2593, -0.2593, -0.2593,
 -0.2593,  0.6235,  0.6235,  0.6235,  0.6235,  0.6235,  0.6235,  0.6235,  0.6235,  0.6235,  0.6235,
  0.6235,  0.6235,  0.6235,  0.6235,  0.6235,  0.6235,  0.6235,  0.6235,  0.6235,  0.6235,  0.6235,
  0.6235,  0.6235,  0.6235,  0.6235,  0.6235,  0.6235,  0.6235,  0.6235,  0.6235,  0.6235, -0.2593,
 -0.2593, -0.2593, -0.2593, -0.2593]

Cell Currents (A):
[2.2315, 2.2315, 2.2315, 2.2315, 2.2315, 2.2315, 2.2315, 2.2315, 2.2315, 2.2315, 2.2315, 2.2315,
 2.2315, 2.2315, 2.2315, 2.2315, 2.2315, 2.2315, 2.2315, 2.2315, 2.2315, 2.2315, 2.2315, 2.2315,
 2.2315, 2.2315, 2.2315, 2.2315, 2.2315, 2.2315, 2.2315, 2.2315, 2.2315, 2.2315, 2.2315, 2.2315,
 2.2315, 2.2315, 2.2315, 2.2315, 2.2315, 2.2315, 2.2315, 2.2315, 2.2315, 2.2315, 2.2315, 2.2315]

Bypass Diode Voltages (V):
[-4.6793, -9.9761, -5.5621]

Bypass Diode Currents (A):
[-1.6001e-09, -1.5999e-09, -1.6000e-09]

------------------------------------------------------------

--- Test 46 | Target Voltage: 20.6667 V ---
Total Panel Voltage : 20.6667 V
Total Panel Current : 2.2315 A
Total Power         : 46.1171 W

Cell Voltages (V):
[ 0.6235,  0.6235,  0.6235,  0.6235,  0.6235,  0.6235, -0.2185, -0.2185, -0.2185, -0.2185, -0.2185,
 -0.2185,  0.6235,  0.6235,  0.6235,  0.6235,  0.6235,  0.6235,  0.6235,  0.6235,  0.6235,  0.6235,
  0.6235,  0.6235,  0.6235,  0.6235,  0.6235,  0.6235,  0.6235,  0.6235,  0.6235,  0.6235,  0.6235,
  0.6235,  0.6235,  0.6235,  0.6235,  0.6235,  0.6235,  0.6235,  0.6235,  0.6235,  0.6235, -0.2185,
 -0.2185, -0.2185, -0.2185, -0.2185]

Cell Currents (A):
[2.2315, 2.2315, 2.2315, 2.2315, 2.2315, 2.2315, 2.2315, 2.2315, 2.2315, 2.2315, 2.2315, 2.2315,
 2.2315, 2.2315, 2.2315, 2.2315, 2.2315, 2.2315, 2.2315, 2.2315, 2.2315, 2.2315, 2.2315, 2.2315,
 2.2315, 2.2315, 2.2315, 2.2315, 2.2315, 2.2315, 2.2315, 2.2315, 2.2315, 2.2315, 2.2315, 2.2315,
 2.2315, 2.2315, 2.2315, 2.2315, 2.2315, 2.2315, 2.2315, 2.2315, 2.2315, 2.2315, 2.2315, 2.2315]

Bypass Diode Voltages (V):
[-4.9243, -9.9761, -5.7663]

Bypass Diode Currents (A):
[-1.6002e-09, -1.5999e-09, -1.6000e-09]

------------------------------------------------------------

--- Test 47 | Target Voltage: 21.1159 V ---
Total Panel Voltage : 21.1159 V
Total Panel Current : 2.2314 A
Total Power         : 47.1187 W

Cell Voltages (V):
[ 0.6235,  0.6235,  0.6235,  0.6235,  0.6235,  0.6235, -0.1776, -0.1776, -0.1776, -0.1776, -0.1776,
 -0.1776,  0.6235,  0.6235,  0.6235,  0.6235,  0.6235,  0.6235,  0.6235,  0.6235,  0.6235,  0.6235,
  0.6235,  0.6235,  0.6235,  0.6235,  0.6235,  0.6235,  0.6235,  0.6235,  0.6235,  0.6235,  0.6235,
  0.6235,  0.6235,  0.6235,  0.6235,  0.6235,  0.6235,  0.6235,  0.6235,  0.6235,  0.6235, -0.1776,
 -0.1776, -0.1776, -0.1776, -0.1776]

Cell Currents (A):
[2.2314, 2.2314, 2.2314, 2.2314, 2.2314, 2.2314, 2.2314, 2.2314, 2.2314, 2.2314, 2.2314, 2.2314,
 2.2314, 2.2314, 2.2314, 2.2314, 2.2314, 2.2314, 2.2314, 2.2314, 2.2314, 2.2314, 2.2314, 2.2314,
 2.2314, 2.2314, 2.2314, 2.2314, 2.2314, 2.2314, 2.2314, 2.2314, 2.2314, 2.2314, 2.2314, 2.2314,
 2.2314, 2.2314, 2.2314, 2.2314, 2.2314, 2.2314, 2.2314, 2.2314, 2.2314, 2.2314, 2.2314, 2.2314]

Bypass Diode Voltages (V):
[-5.1694, -9.9761, -5.9705]

Bypass Diode Currents (A):
[-1.6003e-09, -1.5998e-09, -1.5999e-09]

------------------------------------------------------------

--- Test 48 | Target Voltage: 21.5652 V ---
Total Panel Voltage : 21.5652 V
Total Panel Current : 2.2314 A
Total Power         : 48.1203 W

Cell Voltages (V):
[ 0.6235,  0.6235,  0.6235,  0.6235,  0.6235,  0.6235, -0.1368, -0.1368, -0.1368, -0.1368, -0.1368,
 -0.1368,  0.6235,  0.6235,  0.6235,  0.6235,  0.6235,  0.6235,  0.6235,  0.6235,  0.6235,  0.6235,
  0.6235,  0.6235,  0.6235,  0.6235,  0.6235,  0.6235,  0.6235,  0.6235,  0.6235,  0.6235,  0.6235,
  0.6235,  0.6235,  0.6235,  0.6235,  0.6235,  0.6235,  0.6235,  0.6235,  0.6235,  0.6235, -0.1368,
 -0.1368, -0.1368, -0.1368, -0.1368]

Cell Currents (A):
[2.2314, 2.2314, 2.2314, 2.2314, 2.2314, 2.2314, 2.2314, 2.2314, 2.2314, 2.2314, 2.2314, 2.2314,
 2.2314, 2.2314, 2.2314, 2.2314, 2.2314, 2.2314, 2.2314, 2.2314, 2.2314, 2.2314, 2.2314, 2.2314,
 2.2314, 2.2314, 2.2314, 2.2314, 2.2314, 2.2314, 2.2314, 2.2314, 2.2314, 2.2314, 2.2314, 2.2314,
 2.2314, 2.2314, 2.2314, 2.2314, 2.2314, 2.2314, 2.2314, 2.2314, 2.2314, 2.2314, 2.2314, 2.2314]

Bypass Diode Voltages (V):
[-5.4144, -9.9761, -6.1747]

Bypass Diode Currents (A):
[-1.6005e-09, -1.5996e-09, -1.5999e-09]

------------------------------------------------------------

--- Test 49 | Target Voltage: 22.0145 V ---
Total Panel Voltage : 22.0145 V
Total Panel Current : 2.2313 A
Total Power         : 49.1219 W

Cell Voltages (V):
[ 0.6235,  0.6235,  0.6235,  0.6235,  0.6235,  0.6235, -0.0959, -0.0959, -0.0959, -0.0959, -0.0959,
 -0.0959,  0.6235,  0.6235,  0.6235,  0.6235,  0.6235,  0.6235,  0.6235,  0.6235,  0.6235,  0.6235,
  0.6235,  0.6235,  0.6235,  0.6235,  0.6235,  0.6235,  0.6235,  0.6235,  0.6235,  0.6235,  0.6235,
  0.6235,  0.6235,  0.6235,  0.6235,  0.6235,  0.6235,  0.6235,  0.6235,  0.6235,  0.6235, -0.0959,
 -0.0959, -0.0959, -0.0959, -0.0959]

Cell Currents (A):
[2.2313, 2.2313, 2.2313, 2.2313, 2.2313, 2.2313, 2.2313, 2.2313, 2.2313, 2.2313, 2.2313, 2.2313,
 2.2313, 2.2313, 2.2313, 2.2313, 2.2313, 2.2313, 2.2313, 2.2313, 2.2313, 2.2313, 2.2313, 2.2313,
 2.2313, 2.2313, 2.2313, 2.2313, 2.2313, 2.2313, 2.2313, 2.2313, 2.2313, 2.2313, 2.2313, 2.2313,
 2.2313, 2.2313, 2.2313, 2.2313, 2.2313, 2.2313, 2.2313, 2.2313, 2.2313, 2.2313, 2.2313, 2.2313]

Bypass Diode Voltages (V):
[-5.6595, -9.9761, -6.3789]

Bypass Diode Currents (A):
[-1.6009e-09, -1.5992e-09, -1.5999e-09]

------------------------------------------------------------

--- Test 50 | Target Voltage: 22.4638 V ---
Total Panel Voltage : 22.4638 V
Total Panel Current : 2.2313 A
Total Power         : 50.1234 W

Cell Voltages (V):
[ 0.6235,  0.6235,  0.6235,  0.6235,  0.6235,  0.6235, -0.0551, -0.0551, -0.0551, -0.0551, -0.0551,
 -0.0551,  0.6235,  0.6235,  0.6235,  0.6235,  0.6235,  0.6235,  0.6235,  0.6235,  0.6235,  0.6235,
  0.6235,  0.6235,  0.6235,  0.6235,  0.6235,  0.6235,  0.6235,  0.6235,  0.6235,  0.6235,  0.6235,
  0.6235,  0.6235,  0.6235,  0.6235,  0.6235,  0.6235,  0.6235,  0.6235,  0.6235,  0.6235, -0.0551,
 -0.0551, -0.0551, -0.0551, -0.0551]

Cell Currents (A):
[2.2313, 2.2313, 2.2313, 2.2313, 2.2313, 2.2313, 2.2313, 2.2313, 2.2313, 2.2313, 2.2313, 2.2313,
 2.2313, 2.2313, 2.2313, 2.2313, 2.2313, 2.2313, 2.2313, 2.2313, 2.2313, 2.2313, 2.2313, 2.2313,
 2.2313, 2.2313, 2.2313, 2.2313, 2.2313, 2.2313, 2.2313, 2.2313, 2.2313, 2.2313, 2.2313, 2.2313,
 2.2313, 2.2313, 2.2313, 2.2313, 2.2313, 2.2313, 2.2313, 2.2313, 2.2313, 2.2313, 2.2313, 2.2313]

Bypass Diode Voltages (V):
[-5.9045, -9.9761, -6.5831]

Bypass Diode Currents (A):
[-1.6e-09, -1.6e-09, -1.6e-09]

------------------------------------------------------------

--- Test 51 | Target Voltage: 22.9130 V ---
Total Panel Voltage : 22.9130 V
Total Panel Current : 2.2313 A
Total Power         : 51.1249 W

Cell Voltages (V):
[ 0.6235,  0.6235,  0.6235,  0.6235,  0.6235,  0.6235, -0.0142, -0.0142, -0.0142, -0.0142, -0.0142,
 -0.0142,  0.6235,  0.6235,  0.6235,  0.6235,  0.6235,  0.6235,  0.6235,  0.6235,  0.6235,  0.6235,
  0.6235,  0.6235,  0.6235,  0.6235,  0.6235,  0.6235,  0.6235,  0.6235,  0.6235,  0.6235,  0.6235,
  0.6235,  0.6235,  0.6235,  0.6235,  0.6235,  0.6235,  0.6235,  0.6235,  0.6235,  0.6235, -0.0142,
 -0.0142, -0.0142, -0.0142, -0.0142]

Cell Currents (A):
[2.2313, 2.2313, 2.2313, 2.2313, 2.2313, 2.2313, 2.2313, 2.2313, 2.2313, 2.2313, 2.2313, 2.2313,
 2.2313, 2.2313, 2.2313, 2.2313, 2.2313, 2.2313, 2.2313, 2.2313, 2.2313, 2.2313, 2.2313, 2.2313,
 2.2313, 2.2313, 2.2313, 2.2313, 2.2313, 2.2313, 2.2313, 2.2313, 2.2313, 2.2313, 2.2313, 2.2313,
 2.2313, 2.2313, 2.2313, 2.2313, 2.2313, 2.2313, 2.2313, 2.2313, 2.2313, 2.2313, 2.2313, 2.2313]

Bypass Diode Voltages (V):
[-6.1496, -9.9761, -6.7873]

Bypass Diode Currents (A):
[-1.6e-09, -1.6e-09, -1.6e-09]

------------------------------------------------------------

--- Test 52 | Target Voltage: 23.3623 V ---
Total Panel Voltage : 23.3623 V
Total Panel Current : 2.2312 A
Total Power         : 52.1264 W

Cell Voltages (V):
[0.6235, 0.6235, 0.6235, 0.6235, 0.6235, 0.6235, 0.0266, 0.0266, 0.0266, 0.0266, 0.0266, 0.0266,
 0.6235, 0.6235, 0.6235, 0.6235, 0.6235, 0.6235, 0.6235, 0.6235, 0.6235, 0.6235, 0.6235, 0.6235,
 0.6235, 0.6235, 0.6235, 0.6235, 0.6235, 0.6235, 0.6235, 0.6235, 0.6235, 0.6235, 0.6235, 0.6235,
 0.6235, 0.6235, 0.6235, 0.6235, 0.6235, 0.6235, 0.6235, 0.0266, 0.0266, 0.0266, 0.0266, 0.0266]

Cell Currents (A):
[2.2312, 2.2312, 2.2312, 2.2312, 2.2312, 2.2312, 2.2312, 2.2312, 2.2312, 2.2312, 2.2312, 2.2312,
 2.2312, 2.2312, 2.2312, 2.2312, 2.2312, 2.2312, 2.2312, 2.2312, 2.2312, 2.2312, 2.2312, 2.2312,
 2.2312, 2.2312, 2.2312, 2.2312, 2.2312, 2.2312, 2.2312, 2.2312, 2.2312, 2.2312, 2.2312, 2.2312,
 2.2312, 2.2312, 2.2312, 2.2312, 2.2312, 2.2312, 2.2312, 2.2312, 2.2312, 2.2312, 2.2312, 2.2312]

Bypass Diode Voltages (V):
[-6.3946, -9.9761, -6.9916]

Bypass Diode Currents (A):
[-1.6e-09, -1.6e-09, -1.6e-09]

------------------------------------------------------------

--- Test 53 | Target Voltage: 23.8116 V ---
Total Panel Voltage : 23.8116 V
Total Panel Current : 2.2312 A
Total Power         : 53.1278 W

Cell Voltages (V):
[0.6235, 0.6235, 0.6235, 0.6235, 0.6235, 0.6235, 0.0674, 0.0674, 0.0674, 0.0674, 0.0674, 0.0674,
 0.6235, 0.6235, 0.6235, 0.6235, 0.6235, 0.6235, 0.6235, 0.6235, 0.6235, 0.6235, 0.6235, 0.6235,
 0.6235, 0.6235, 0.6235, 0.6235, 0.6235, 0.6235, 0.6235, 0.6235, 0.6235, 0.6235, 0.6235, 0.6235,
 0.6235, 0.6235, 0.6235, 0.6235, 0.6235, 0.6235, 0.6235, 0.0674, 0.0674, 0.0674, 0.0674, 0.0674]

Cell Currents (A):
[2.2312, 2.2312, 2.2312, 2.2312, 2.2312, 2.2312, 2.2312, 2.2312, 2.2312, 2.2312, 2.2312, 2.2312,
 2.2312, 2.2312, 2.2312, 2.2312, 2.2312, 2.2312, 2.2312, 2.2312, 2.2312, 2.2312, 2.2312, 2.2312,
 2.2312, 2.2312, 2.2312, 2.2312, 2.2312, 2.2312, 2.2312, 2.2312, 2.2312, 2.2312, 2.2312, 2.2312,
 2.2312, 2.2312, 2.2312, 2.2312, 2.2312, 2.2312, 2.2312, 2.2312, 2.2312, 2.2312, 2.2312, 2.2312]

Bypass Diode Voltages (V):
[-6.6397, -9.9761, -7.1958]

Bypass Diode Currents (A):
[-1.6e-09, -1.6e-09, -1.6e-09]

------------------------------------------------------------

--- Test 54 | Target Voltage: 24.2609 V ---
Total Panel Voltage : 24.2609 V
Total Panel Current : 2.2311 A
Total Power         : 54.1292 W

Cell Voltages (V):
[0.6235, 0.6235, 0.6235, 0.6235, 0.6235, 0.6235, 0.1083, 0.1083, 0.1083, 0.1083, 0.1083, 0.1083,
 0.6235, 0.6235, 0.6235, 0.6235, 0.6235, 0.6235, 0.6235, 0.6235, 0.6235, 0.6235, 0.6235, 0.6235,
 0.6235, 0.6235, 0.6235, 0.6235, 0.6235, 0.6235, 0.6235, 0.6235, 0.6235, 0.6235, 0.6235, 0.6235,
 0.6235, 0.6235, 0.6235, 0.6235, 0.6235, 0.6235, 0.6235, 0.1083, 0.1083, 0.1083, 0.1083, 0.1083]

Cell Currents (A):
[2.2311, 2.2311, 2.2311, 2.2311, 2.2311, 2.2311, 2.2311, 2.2311, 2.2311, 2.2311, 2.2311, 2.2311,
 2.2311, 2.2311, 2.2311, 2.2311, 2.2311, 2.2311, 2.2311, 2.2311, 2.2311, 2.2311, 2.2311, 2.2311,
 2.2311, 2.2311, 2.2311, 2.2311, 2.2311, 2.2311, 2.2311, 2.2311, 2.2311, 2.2311, 2.2311, 2.2311,
 2.2311, 2.2311, 2.2311, 2.2311, 2.2311, 2.2311, 2.2311, 2.2311, 2.2311, 2.2311, 2.2311, 2.2311]

Bypass Diode Voltages (V):
[-6.8848, -9.9761, -7.4   ]

Bypass Diode Currents (A):
[-1.6e-09, -1.6e-09, -1.6e-09]

------------------------------------------------------------

--- Test 55 | Target Voltage: 24.7101 V ---
Total Panel Voltage : 24.7101 V
Total Panel Current : 2.2311 A
Total Power         : 55.1305 W

Cell Voltages (V):
[0.6235, 0.6235, 0.6235, 0.6235, 0.6235, 0.6235, 0.1491, 0.1491, 0.1491, 0.1491, 0.1491, 0.1491,
 0.6235, 0.6235, 0.6235, 0.6235, 0.6235, 0.6235, 0.6235, 0.6235, 0.6235, 0.6235, 0.6235, 0.6235,
 0.6235, 0.6235, 0.6235, 0.6235, 0.6235, 0.6235, 0.6235, 0.6235, 0.6235, 0.6235, 0.6235, 0.6235,
 0.6235, 0.6235, 0.6235, 0.6235, 0.6235, 0.6235, 0.6235, 0.1491, 0.1491, 0.1491, 0.1491, 0.1491]

Cell Currents (A):
[2.2311, 2.2311, 2.2311, 2.2311, 2.2311, 2.2311, 2.2311, 2.2311, 2.2311, 2.2311, 2.2311, 2.2311,
 2.2311, 2.2311, 2.2311, 2.2311, 2.2311, 2.2311, 2.2311, 2.2311, 2.2311, 2.2311, 2.2311, 2.2311,
 2.2311, 2.2311, 2.2311, 2.2311, 2.2311, 2.2311, 2.2311, 2.2311, 2.2311, 2.2311, 2.2311, 2.2311,
 2.2311, 2.2311, 2.2311, 2.2311, 2.2311, 2.2311, 2.2311, 2.2311, 2.2311, 2.2311, 2.2311, 2.2311]

Bypass Diode Voltages (V):
[-7.1298, -9.9761, -7.6042]

Bypass Diode Currents (A):
[-1.6e-09, -1.6e-09, -1.6e-09]

------------------------------------------------------------

--- Test 56 | Target Voltage: 25.1594 V ---
Total Panel Voltage : 25.1594 V
Total Panel Current : 2.2310 A
Total Power         : 56.1318 W

Cell Voltages (V):
[0.6235, 0.6235, 0.6235, 0.6235, 0.6235, 0.6235, 0.19  , 0.19  , 0.19  , 0.19  , 0.19  , 0.19  ,
 0.6235, 0.6235, 0.6235, 0.6235, 0.6235, 0.6235, 0.6235, 0.6235, 0.6235, 0.6235, 0.6235, 0.6235,
 0.6235, 0.6235, 0.6235, 0.6235, 0.6235, 0.6235, 0.6235, 0.6235, 0.6235, 0.6235, 0.6235, 0.6235,
 0.6235, 0.6235, 0.6235, 0.6235, 0.6235, 0.6235, 0.6235, 0.19  , 0.19  , 0.19  , 0.19  , 0.19  ]

Cell Currents (A):
[2.231, 2.231, 2.231, 2.231, 2.231, 2.231, 2.231, 2.231, 2.231, 2.231, 2.231, 2.231, 2.231, 2.231,
 2.231, 2.231, 2.231, 2.231, 2.231, 2.231, 2.231, 2.231, 2.231, 2.231, 2.231, 2.231, 2.231, 2.231,
 2.231, 2.231, 2.231, 2.231, 2.231, 2.231, 2.231, 2.231, 2.231, 2.231, 2.231, 2.231, 2.231, 2.231,
 2.231, 2.231, 2.231, 2.231, 2.231, 2.231]

Bypass Diode Voltages (V):
[-7.3749, -9.9761, -7.8084]

Bypass Diode Currents (A):
[-1.6e-09, -1.6e-09, -1.6e-09]

------------------------------------------------------------

--- Test 57 | Target Voltage: 25.6087 V ---
Total Panel Voltage : 25.6087 V
Total Panel Current : 2.2310 A
Total Power         : 57.1330 W

Cell Voltages (V):
[0.6235, 0.6235, 0.6235, 0.6235, 0.6235, 0.6235, 0.2308, 0.2308, 0.2308, 0.2308, 0.2308, 0.2308,
 0.6235, 0.6235, 0.6235, 0.6235, 0.6235, 0.6235, 0.6235, 0.6235, 0.6235, 0.6235, 0.6235, 0.6235,
 0.6235, 0.6235, 0.6235, 0.6235, 0.6235, 0.6235, 0.6235, 0.6235, 0.6235, 0.6235, 0.6235, 0.6235,
 0.6235, 0.6235, 0.6235, 0.6235, 0.6235, 0.6235, 0.6235, 0.2308, 0.2308, 0.2308, 0.2308, 0.2308]

Cell Currents (A):
[2.231, 2.231, 2.231, 2.231, 2.231, 2.231, 2.231, 2.231, 2.231, 2.231, 2.231, 2.231, 2.231, 2.231,
 2.231, 2.231, 2.231, 2.231, 2.231, 2.231, 2.231, 2.231, 2.231, 2.231, 2.231, 2.231, 2.231, 2.231,
 2.231, 2.231, 2.231, 2.231, 2.231, 2.231, 2.231, 2.231, 2.231, 2.231, 2.231, 2.231, 2.231, 2.231,
 2.231, 2.231, 2.231, 2.231, 2.231, 2.231]

Bypass Diode Voltages (V):
[-7.6199, -9.9761, -8.0126]

Bypass Diode Currents (A):
[-1.6e-09, -1.6e-09, -1.6e-09]

------------------------------------------------------------

--- Test 58 | Target Voltage: 26.0580 V ---
Total Panel Voltage : 26.0580 V
Total Panel Current : 2.2309 A
Total Power         : 58.1340 W

Cell Voltages (V):
[0.6235, 0.6235, 0.6235, 0.6235, 0.6235, 0.6235, 0.2716, 0.2716, 0.2716, 0.2716, 0.2716, 0.2716,
 0.6235, 0.6235, 0.6235, 0.6235, 0.6235, 0.6235, 0.6235, 0.6235, 0.6235, 0.6235, 0.6235, 0.6235,
 0.6235, 0.6235, 0.6235, 0.6235, 0.6235, 0.6235, 0.6235, 0.6235, 0.6235, 0.6235, 0.6235, 0.6235,
 0.6235, 0.6235, 0.6235, 0.6235, 0.6235, 0.6235, 0.6235, 0.2716, 0.2716, 0.2716, 0.2716, 0.2716]

Cell Currents (A):
[2.2309, 2.2309, 2.2309, 2.2309, 2.2309, 2.2309, 2.2309, 2.2309, 2.2309, 2.2309, 2.2309, 2.2309,
 2.2309, 2.2309, 2.2309, 2.2309, 2.2309, 2.2309, 2.2309, 2.2309, 2.2309, 2.2309, 2.2309, 2.2309,
 2.2309, 2.2309, 2.2309, 2.2309, 2.2309, 2.2309, 2.2309, 2.2309, 2.2309, 2.2309, 2.2309, 2.2309,
 2.2309, 2.2309, 2.2309, 2.2309, 2.2309, 2.2309, 2.2309, 2.2309, 2.2309, 2.2309, 2.2309, 2.2309]

Bypass Diode Voltages (V):
[-7.865 , -9.9761, -8.2168]

Bypass Diode Currents (A):
[-1.6e-09, -1.6e-09, -1.6e-09]

------------------------------------------------------------

--- Test 59 | Target Voltage: 26.5072 V ---
Total Panel Voltage : 26.5072 V
Total Panel Current : 2.2309 A
Total Power         : 59.1340 W

Cell Voltages (V):
[0.6235, 0.6235, 0.6235, 0.6235, 0.6235, 0.6235, 0.3125, 0.3125, 0.3125, 0.3125, 0.3125, 0.3125,
 0.6235, 0.6235, 0.6235, 0.6235, 0.6235, 0.6235, 0.6235, 0.6235, 0.6235, 0.6235, 0.6235, 0.6235,
 0.6235, 0.6235, 0.6235, 0.6235, 0.6235, 0.6235, 0.6235, 0.6235, 0.6235, 0.6235, 0.6235, 0.6235,
 0.6235, 0.6235, 0.6235, 0.6235, 0.6235, 0.6235, 0.6235, 0.3125, 0.3125, 0.3125, 0.3125, 0.3125]

Cell Currents (A):
[2.2309, 2.2309, 2.2309, 2.2309, 2.2309, 2.2309, 2.2309, 2.2309, 2.2309, 2.2309, 2.2309, 2.2309,
 2.2309, 2.2309, 2.2309, 2.2309, 2.2309, 2.2309, 2.2309, 2.2309, 2.2309, 2.2309, 2.2309, 2.2309,
 2.2309, 2.2309, 2.2309, 2.2309, 2.2309, 2.2309, 2.2309, 2.2309, 2.2309, 2.2309, 2.2309, 2.2309,
 2.2309, 2.2309, 2.2309, 2.2309, 2.2309, 2.2309, 2.2309, 2.2309, 2.2309, 2.2309, 2.2309, 2.2309]

Bypass Diode Voltages (V):
[-8.11  , -9.9762, -8.4211]

Bypass Diode Currents (A):
[-1.6e-09, -1.6e-09, -1.6e-09]

------------------------------------------------------------

--- Test 60 | Target Voltage: 26.9565 V ---
Total Panel Voltage : 26.9565 V
Total Panel Current : 2.2306 A
Total Power         : 60.1297 W

Cell Voltages (V):
[0.6235, 0.6235, 0.6235, 0.6235, 0.6235, 0.6235, 0.3533, 0.3533, 0.3533, 0.3533, 0.3533, 0.3533,
 0.6235, 0.6235, 0.6235, 0.6235, 0.6235, 0.6235, 0.6235, 0.6235, 0.6235, 0.6235, 0.6235, 0.6235,
 0.6235, 0.6235, 0.6235, 0.6235, 0.6235, 0.6235, 0.6235, 0.6235, 0.6235, 0.6235, 0.6235, 0.6235,
 0.6235, 0.6235, 0.6235, 0.6235, 0.6235, 0.6235, 0.6235, 0.3533, 0.3533, 0.3533, 0.3533, 0.3533]

Cell Currents (A):
[2.2306, 2.2306, 2.2306, 2.2306, 2.2306, 2.2306, 2.2306, 2.2306, 2.2306, 2.2306, 2.2306, 2.2306,
 2.2306, 2.2306, 2.2306, 2.2306, 2.2306, 2.2306, 2.2306, 2.2306, 2.2306, 2.2306, 2.2306, 2.2306,
 2.2306, 2.2306, 2.2306, 2.2306, 2.2306, 2.2306, 2.2306, 2.2306, 2.2306, 2.2306, 2.2306, 2.2306,
 2.2306, 2.2306, 2.2306, 2.2306, 2.2306, 2.2306, 2.2306, 2.2306, 2.2306, 2.2306, 2.2306, 2.2306]

Bypass Diode Voltages (V):
[-8.3551, -9.9762, -8.6253]

Bypass Diode Currents (A):
[-1.6e-09, -1.6e-09, -1.6e-09]

------------------------------------------------------------

--- Test 61 | Target Voltage: 27.4058 V ---
Total Panel Voltage : 27.4058 V
Total Panel Current : 2.2296 A
Total Power         : 61.1049 W

Cell Voltages (V):
[0.6235, 0.6235, 0.6235, 0.6235, 0.6235, 0.6235, 0.3941, 0.3941, 0.3941, 0.3941, 0.3941, 0.3941,
 0.6235, 0.6235, 0.6235, 0.6235, 0.6235, 0.6235, 0.6235, 0.6235, 0.6235, 0.6235, 0.6235, 0.6235,
 0.6235, 0.6235, 0.6235, 0.6235, 0.6235, 0.6235, 0.6235, 0.6235, 0.6235, 0.6235, 0.6235, 0.6235,
 0.6235, 0.6235, 0.6235, 0.6235, 0.6235, 0.6235, 0.6235, 0.3941, 0.3941, 0.3941, 0.3941, 0.3941]

Cell Currents (A):
[2.2296, 2.2296, 2.2296, 2.2296, 2.2296, 2.2296, 2.2296, 2.2296, 2.2296, 2.2296, 2.2296, 2.2296,
 2.2296, 2.2296, 2.2296, 2.2296, 2.2296, 2.2296, 2.2296, 2.2296, 2.2296, 2.2296, 2.2296, 2.2296,
 2.2296, 2.2296, 2.2296, 2.2296, 2.2296, 2.2296, 2.2296, 2.2296, 2.2296, 2.2296, 2.2296, 2.2296,
 2.2296, 2.2296, 2.2296, 2.2296, 2.2296, 2.2296, 2.2296, 2.2296, 2.2296, 2.2296, 2.2296, 2.2296]

Bypass Diode Voltages (V):
[-8.6   , -9.9763, -8.8294]

Bypass Diode Currents (A):
[-1.6e-09, -1.6e-09, -1.6e-09]

------------------------------------------------------------

--- Test 62 | Target Voltage: 27.8551 V ---
Total Panel Voltage : 27.8551 V
Total Panel Current : 2.2253 A
Total Power         : 61.9847 W

Cell Voltages (V):
[0.6236, 0.6236, 0.6236, 0.6236, 0.6236, 0.6236, 0.4349, 0.4349, 0.4349, 0.4349, 0.4349, 0.4349,
 0.6236, 0.6236, 0.6236, 0.6236, 0.6236, 0.6236, 0.6236, 0.6236, 0.6236, 0.6236, 0.6236, 0.6236,
 0.6236, 0.6236, 0.6236, 0.6236, 0.6236, 0.6236, 0.6236, 0.6236, 0.6236, 0.6236, 0.6236, 0.6236,
 0.6236, 0.6236, 0.6236, 0.6236, 0.6236, 0.6236, 0.6236, 0.4349, 0.4349, 0.4349, 0.4349, 0.4349]

Cell Currents (A):
[2.2253, 2.2253, 2.2253, 2.2253, 2.2253, 2.2253, 2.2253, 2.2253, 2.2253, 2.2253, 2.2253, 2.2253,
 2.2253, 2.2253, 2.2253, 2.2253, 2.2253, 2.2253, 2.2253, 2.2253, 2.2253, 2.2253, 2.2253, 2.2253,
 2.2253, 2.2253, 2.2253, 2.2253, 2.2253, 2.2253, 2.2253, 2.2253, 2.2253, 2.2253, 2.2253, 2.2253,
 2.2253, 2.2253, 2.2253, 2.2253, 2.2253, 2.2253, 2.2253, 2.2253, 2.2253, 2.2253, 2.2253, 2.2253]

Bypass Diode Voltages (V):
[-8.8447, -9.9769, -9.0334]

Bypass Diode Currents (A):
[-1.6e-09, -1.6e-09, -1.6e-09]

------------------------------------------------------------

--- Test 63 | Target Voltage: 28.3043 V ---
Total Panel Voltage : 28.3043 V
Total Panel Current : 2.2057 A
Total Power         : 62.4322 W

Cell Voltages (V):
[0.6237, 0.6237, 0.6237, 0.6237, 0.6237, 0.6237, 0.4751, 0.4751, 0.4751, 0.4751, 0.4751, 0.4751,
 0.6237, 0.6237, 0.6237, 0.6237, 0.6237, 0.6237, 0.6237, 0.6237, 0.6237, 0.6237, 0.6237, 0.6237,
 0.6237, 0.6237, 0.6237, 0.6237, 0.6237, 0.6237, 0.6237, 0.6237, 0.6237, 0.6237, 0.6237, 0.6237,
 0.6237, 0.6237, 0.6237, 0.6237, 0.6237, 0.6237, 0.6237, 0.4751, 0.4751, 0.4751, 0.4751, 0.4751]

Cell Currents (A):
[2.2057, 2.2057, 2.2057, 2.2057, 2.2057, 2.2057, 2.2057, 2.2057, 2.2057, 2.2057, 2.2057, 2.2057,
 2.2057, 2.2057, 2.2057, 2.2057, 2.2057, 2.2057, 2.2057, 2.2057, 2.2057, 2.2057, 2.2057, 2.2057,
 2.2057, 2.2057, 2.2057, 2.2057, 2.2057, 2.2057, 2.2057, 2.2057, 2.2057, 2.2057, 2.2057, 2.2057,
 2.2057, 2.2057, 2.2057, 2.2057, 2.2057, 2.2057, 2.2057, 2.2057, 2.2057, 2.2057, 2.2057, 2.2057]

Bypass Diode Voltages (V):
[-9.088 , -9.9796, -9.2366]

Bypass Diode Currents (A):
[-1.6e-09, -1.6e-09, -1.6e-09]

------------------------------------------------------------

--- Test 64 | Target Voltage: 28.7536 V ---
Total Panel Voltage : 28.7536 V
Total Panel Current : 2.1260 A
Total Power         : 61.1298 W

Cell Voltages (V):
[0.6244, 0.6244, 0.6244, 0.6244, 0.6244, 0.6244, 0.5137, 0.5137, 0.5137, 0.5137, 0.5137, 0.5137,
 0.6244, 0.6244, 0.6244, 0.6244, 0.6244, 0.6244, 0.6244, 0.6244, 0.6244, 0.6244, 0.6244, 0.6244,
 0.6244, 0.6244, 0.6244, 0.6244, 0.6244, 0.6244, 0.6244, 0.6244, 0.6244, 0.6244, 0.6244, 0.6244,
 0.6244, 0.6244, 0.6244, 0.6244, 0.6244, 0.6244, 0.6244, 0.5137, 0.5137, 0.5137, 0.5137, 0.5137]

Cell Currents (A):
[2.126, 2.126, 2.126, 2.126, 2.126, 2.126, 2.126, 2.126, 2.126, 2.126, 2.126, 2.126, 2.126, 2.126,
 2.126, 2.126, 2.126, 2.126, 2.126, 2.126, 2.126, 2.126, 2.126, 2.126, 2.126, 2.126, 2.126, 2.126,
 2.126, 2.126, 2.126, 2.126, 2.126, 2.126, 2.126, 2.126, 2.126, 2.126, 2.126, 2.126, 2.126, 2.126,
 2.126, 2.126, 2.126, 2.126, 2.126, 2.126]

Bypass Diode Voltages (V):
[-9.3261, -9.9907, -9.4369]

Bypass Diode Currents (A):
[-1.6e-09, -1.6e-09, -1.6e-09]

------------------------------------------------------------

--- Test 65 | Target Voltage: 29.2029 V ---
Total Panel Voltage : 29.2029 V
Total Panel Current : 1.8759 A
Total Power         : 54.7815 W

Cell Voltages (V):
[0.6266, 0.6266, 0.6266, 0.6266, 0.6266, 0.6266, 0.5473, 0.5473, 0.5473, 0.5473, 0.5473, 0.5473,
 0.6266, 0.6266, 0.6266, 0.6266, 0.6266, 0.6266, 0.6266, 0.6266, 0.6266, 0.6266, 0.6266, 0.6266,
 0.6266, 0.6266, 0.6266, 0.6266, 0.6266, 0.6266, 0.6266, 0.6266, 0.6266, 0.6266, 0.6266, 0.6266,
 0.6266, 0.6266, 0.6266, 0.6266, 0.6266, 0.6266, 0.6266, 0.5473, 0.5473, 0.5473, 0.5473, 0.5473]

Cell Currents (A):
[1.8759, 1.8759, 1.8759, 1.8759, 1.8759, 1.8759, 1.8759, 1.8759, 1.8759, 1.8759, 1.8759, 1.8759,
 1.8759, 1.8759, 1.8759, 1.8759, 1.8759, 1.8759, 1.8759, 1.8759, 1.8759, 1.8759, 1.8759, 1.8759,
 1.8759, 1.8759, 1.8759, 1.8759, 1.8759, 1.8759, 1.8759, 1.8759, 1.8759, 1.8759, 1.8759, 1.8759,
 1.8759, 1.8759, 1.8759, 1.8759, 1.8759, 1.8759, 1.8759, 1.8759, 1.8759, 1.8759, 1.8759, 1.8759]

Bypass Diode Voltages (V):
[ -9.5494, -10.0249,  -9.6286]

Bypass Diode Currents (A):
[-1.6e-09, -1.6e-09, -1.6e-09]

------------------------------------------------------------

--- Test 66 | Target Voltage: 29.6522 V ---
Total Panel Voltage : 29.6522 V
Total Panel Current : 1.3583 A
Total Power         : 40.2766 W

Cell Voltages (V):
[0.6309, 0.6309, 0.6309, 0.6309, 0.6309, 0.6309, 0.5736, 0.5736, 0.5736, 0.5736, 0.5736, 0.5736,
 0.6309, 0.6309, 0.6309, 0.6309, 0.6309, 0.6309, 0.6309, 0.6309, 0.6309, 0.6309, 0.6309, 0.6309,
 0.6309, 0.6309, 0.6309, 0.6309, 0.6309, 0.6309, 0.6309, 0.6309, 0.6309, 0.6309, 0.6309, 0.6309,
 0.6309, 0.6309, 0.6309, 0.6309, 0.6309, 0.6309, 0.6309, 0.5736, 0.5736, 0.5736, 0.5736, 0.5736]

Cell Currents (A):
[1.3583, 1.3583, 1.3583, 1.3583, 1.3583, 1.3583, 1.3583, 1.3583, 1.3583, 1.3583, 1.3583, 1.3583,
 1.3583, 1.3583, 1.3583, 1.3583, 1.3583, 1.3583, 1.3583, 1.3583, 1.3583, 1.3583, 1.3583, 1.3583,
 1.3583, 1.3583, 1.3583, 1.3583, 1.3583, 1.3583, 1.3583, 1.3583, 1.3583, 1.3583, 1.3583, 1.3583,
 1.3583, 1.3583, 1.3583, 1.3583, 1.3583, 1.3583, 1.3583, 1.3583, 1.3583, 1.3583, 1.3583, 1.3583]

Bypass Diode Voltages (V):
[ -9.7505, -10.0939,  -9.8077]

Bypass Diode Currents (A):
[-1.6e-09, -1.6e-09, -1.6e-09]

------------------------------------------------------------

--- Test 67 | Target Voltage: 30.1014 V ---
Total Panel Voltage : 30.1014 V
Total Panel Current : 0.5947 A
Total Power         : 17.9010 W

Cell Voltages (V):
[0.637 , 0.637 , 0.637 , 0.637 , 0.637 , 0.637 , 0.5939, 0.5939, 0.5939, 0.5939, 0.5939, 0.5939,
 0.637 , 0.637 , 0.637 , 0.637 , 0.637 , 0.637 , 0.637 , 0.637 , 0.637 , 0.637 , 0.637 , 0.637 ,
 0.637 , 0.637 , 0.637 , 0.637 , 0.637 , 0.637 , 0.637 , 0.637 , 0.637 , 0.637 , 0.637 , 0.637 ,
 0.637 , 0.637 , 0.637 , 0.637 , 0.637 , 0.637 , 0.637 , 0.5939, 0.5939, 0.5939, 0.5939, 0.5939]

Cell Currents (A):
[0.5947, 0.5947, 0.5947, 0.5947, 0.5947, 0.5947, 0.5947, 0.5947, 0.5947, 0.5947, 0.5947, 0.5947,
 0.5947, 0.5947, 0.5947, 0.5947, 0.5947, 0.5947, 0.5947, 0.5947, 0.5947, 0.5947, 0.5947, 0.5947,
 0.5947, 0.5947, 0.5947, 0.5947, 0.5947, 0.5947, 0.5947, 0.5947, 0.5947, 0.5947, 0.5947, 0.5947,
 0.5947, 0.5947, 0.5947, 0.5947, 0.5947, 0.5947, 0.5947, 0.5947, 0.5947, 0.5947, 0.5947, 0.5947]

Bypass Diode Voltages (V):
[ -9.9332, -10.192 ,  -9.9763]

Bypass Diode Currents (A):
[-1.6001e-09, -1.6000e-09, -1.6000e-09]

------------------------------------------------------------

--- Test 68 | Target Voltage: 30.5507 V ---
Total Panel Voltage : 30.4163 V
Total Panel Current : 0.0000 A
Total Power         : 0.0000 W

Cell Voltages (V):
[0.6417, 0.6417, 0.6417, 0.6417, 0.6417, 0.6417, 0.6066, 0.6066, 0.6066, 0.6066, 0.6066, 0.6066,
 0.6417, 0.6417, 0.6417, 0.6417, 0.6417, 0.6417, 0.6417, 0.6417, 0.6417, 0.6417, 0.6417, 0.6417,
 0.6417, 0.6417, 0.6417, 0.6417, 0.6417, 0.6417, 0.6417, 0.6417, 0.6417, 0.6417, 0.6417, 0.6417,
 0.6417, 0.6417, 0.6417, 0.6417, 0.6417, 0.6417, 0.6417, 0.6066, 0.6066, 0.6066, 0.6066, 0.6066]

Cell Currents (A):
[5.0121e-14, 4.9642e-14, 4.4704e-14, 3.5624e-14, 3.5017e-14, 6.6215e-17, 3.9063e-12, 1.7902e-12,
 1.6190e-12, 1.5668e-12, 1.6462e-12, 3.1643e-12, 1.1467e-15, 1.6214e-14, 3.3118e-15, 8.3212e-15,
 5.4515e-16, 4.7054e-16, 4.1027e-16, 3.6067e-16, 3.2006e-16, 2.8668e-16, 2.5933e-16, 2.3618e-16,
 2.1659e-16, 2.0075e-16, 1.8824e-16, 1.7736e-16, 1.6963e-16, 1.6362e-16, 1.5879e-16, 1.5689e-16,
 1.0446e-14, 1.5232e-14, 2.4313e-14, 3.5722e-14, 4.4533e-14, 4.3368e-14, 3.2253e-14, 3.3189e-14,
 4.7773e-14, 5.4311e-15, 3.3877e-16, 1.8254e-11, 4.6422e-12, 4.7091e-12, 4.4489e-12, 4.3168e-12]

Bypass Diode Voltages (V):
[-10.0567, -10.2677, -10.0919]

Bypass Diode Currents (A):
[-3.5688e-10, -3.5686e-10, -3.5686e-10]

------------------------------------------------------------

--- Test 69 | Target Voltage: 31.0000 V ---
Total Panel Voltage : 30.4712 V
Total Panel Current : 0.0000 A
Total Power         : 0.0000 W

Cell Voltages (V):
[0.6421, 0.6421, 0.6421, 0.6421, 0.6421, 0.6421, 0.6104, 0.6104, 0.6104, 0.6104, 0.6104, 0.6104,
 0.6421, 0.6421, 0.6421, 0.6421, 0.6421, 0.6421, 0.6421, 0.6421, 0.6421, 0.6421, 0.6421, 0.6421,
 0.6421, 0.6421, 0.6421, 0.6421, 0.6421, 0.6421, 0.6421, 0.6421, 0.6421, 0.6421, 0.6421, 0.6421,
 0.6421, 0.6421, 0.6421, 0.6421, 0.6421, 0.6421, 0.6421, 0.6104, 0.6104, 0.6104, 0.6104, 0.6104]

Cell Currents (A):
[1.7360e-16, 1.7360e-16, 1.7360e-16, 1.7360e-16, 1.7360e-16, 1.7360e-16, 1.4747e-17, 1.4747e-17,
 1.4747e-17, 1.4747e-17, 1.4747e-17, 1.4747e-17, 1.7360e-16, 1.7360e-16, 1.7360e-16, 1.7360e-16,
 1.7360e-16, 1.7360e-16, 1.7360e-16, 1.7360e-16, 1.7360e-16, 1.7360e-16, 1.7360e-16, 1.7360e-16,
 1.7360e-16, 1.7360e-16, 1.7360e-16, 1.7360e-16, 1.7360e-16, 1.7360e-16, 1.7360e-16, 1.7360e-16,
 1.7360e-16, 1.7360e-16, 1.7360e-16, 1.7360e-16, 1.7360e-16, 1.7360e-16, 1.7360e-16, 1.7360e-16,
 1.7360e-16, 1.7360e-16, 1.7360e-16, 1.4747e-17, 1.4747e-17, 1.4747e-17, 1.4747e-17, 1.4747e-17]

Bypass Diode Voltages (V):
[-10.083 , -10.2734, -10.1147]

Bypass Diode Currents (A):
[-7.9982e-10, -7.9982e-10, -7.9982e-10]

------------------------------------------------------------

